v=0___j=0	v=0___j=1	v=0___j=2	v=0___j=3	v=0___j=4	v=0___j=5	v=0___j=6	v=0___j=7	v=0___j=8	
z	Trad [K]	Tbar [K]	Heating-Cooling [J/s/cm^3]	dot Tbar Heating-Cooling [K/s]	h	
10	2.997321e+001	1.830346e+000	1.819229e-023	8.784415e-010	3.391105e-004	
9.602000e-001	3.975000e-002	1.299000e-005	5.374000e-011	3.459000e-018	5.723000e-020	3.423000e-020	2.255000e-020	1.597000e-020	
11	3.269731e+001	2.175419e+000	3.943402e-023	1.904130e-009	4.402577e-004	
9.441000e-001	5.584000e-002	3.717000e-005	4.441000e-010	1.128000e-016	6.229000e-020	3.724000e-020	2.452000e-020	1.736000e-020	
12	3.541869e+001	2.549268e+000	7.791296e-023	3.762142e-009	5.597489e-004	
9.259000e-001	7.405000e-002	8.993000e-005	2.634000e-009	2.188000e-015	2.631000e-020	1.576000e-020	1.043000e-020	1.000000e-020	
13	3.811044e+001	2.947524e+000	1.422489e-022	6.868699e-009	6.991129e-004	
9.062000e-001	9.362000e-002	1.894000e-004	1.187000e-008	2.699000e-014	1.155000e-020	1.077000e-020	1.041000e-020	1.020000e-020	
14	4.087000e+001	3.385041e+000	2.463875e-022	1.189718e-008	8.598783e-004	
8.849000e-001	1.148000e-001	3.653000e-004	4.504000e-008	2.504000e-013	6.531000e-020	1.000000e-020	1.000000e-020	1.000000e-020	
15	4.359049e+001	3.845158e+000	4.029863e-022	1.945879e-008	1.043574e-003	
8.632000e-001	1.362000e-001	6.408000e-004	1.415000e-007	1.700000e-012	1.329000e-018	5.155000e-020	3.380000e-020	2.382000e-020	
16	4.631743e+001	4.334884e+000	6.313501e-022	3.048567e-008	1.251728e-003	
8.411000e-001	1.578000e-001	1.049000e-003	3.879000e-007	9.217000e-012	1.542000e-017	1.000000e-020	1.000000e-020	1.000000e-020	
17	4.905726e+001	4.855495e+000	9.543605e-022	4.608270e-008	1.485870e-003	
8.190000e-001	1.794000e-001	1.624000e-003	9.510000e-007	4.154000e-011	1.498000e-016	1.000000e-020	1.000000e-020	1.000000e-020	
18	5.178341e+001	5.401748e+000	1.910694e-021	9.226066e-008	1.747527e-003	
7.972000e-001	2.004000e-001	2.387000e-003	2.106000e-006	1.581000e-010	1.115000e-015	1.438000e-019	9.376000e-020	6.607000e-020	
19	5.447711e+001	5.968989e+000	3.576334e-021	1.726886e-007	2.038230e-003	
7.761000e-001	2.206000e-001	3.354000e-003	4.260000e-006	5.179000e-010	6.633000e-015	2.550000e-020	1.058000e-020	1.000000e-020	
