POP UP			POP LOW
Trad: 2.725500e+000	Tbar: 8.009110e-004	NH: 2.540815e-009
8.488000e-007	9.999000e-001
8.427000e-016	5.937000e-005
1.000000e-020	8.488000e-007
1.000000e-020	8.427000e-016
1.000000e-020	1.000000e-020
1.000000e-020	1.000000e-020
1.000000e-020	1.000000e-020
Trad: 5.451000e+000	Tbar: 3.203644e-003	NH: 2.032652e-008
8.488000e-007	9.999000e-001
8.427000e-016	5.937000e-005
1.000000e-020	8.488000e-007
1.000000e-020	8.427000e-016
1.000000e-020	1.000000e-020
1.000000e-020	1.000000e-020
1.000000e-020	1.000000e-020
Trad: 8.176500e+000	Tbar: 7.208199e-003	NH: 6.860202e-008
8.488000e-007	9.999000e-001
8.427000e-016	5.937000e-005
1.000000e-020	8.488000e-007
1.000000e-020	8.427000e-016
1.000000e-020	1.000000e-020
1.000000e-020	1.000000e-020
1.000000e-020	1.000000e-020
Trad: 1.090200e+001	Tbar: 1.281458e-002	NH: 1.626122e-007
8.488000e-007	9.999000e-001
8.427000e-016	5.937000e-005
1.000000e-020	8.488000e-007
1.000000e-020	8.427000e-016
1.000000e-020	1.000000e-020
1.000000e-020	1.000000e-020
1.000000e-020	1.000000e-020
Trad: 1.362750e+001	Tbar: 2.002277e-002	NH: 3.176019e-007
8.488000e-007	9.999000e-001
8.427000e-016	5.937000e-005
1.000000e-020	8.488000e-007
1.000000e-020	8.427000e-016
1.000000e-020	1.000000e-020
1.000000e-020	1.000000e-020
1.000000e-020	1.000000e-020
Trad: 1.635300e+001	Tbar: 2.883279e-002	NH: 5.488161e-007
8.488000e-007	9.999000e-001
8.427000e-016	5.937000e-005
1.000000e-020	8.488000e-007
1.000000e-020	8.427000e-016
1.000000e-020	1.000000e-020
1.000000e-020	1.000000e-020
1.000000e-020	1.000000e-020
Trad: 1.907850e+001	Tbar: 3.924464e-002	NH: 8.714997e-007
8.488000e-007	9.999000e-001
8.427000e-016	5.937000e-005
1.000000e-020	8.488000e-007
1.000000e-020	8.427000e-016
1.000000e-020	1.000000e-020
1.000000e-020	1.000000e-020
1.000000e-020	1.000000e-020
Trad: 2.180400e+001	Tbar: 5.125830e-002	NH: 1.300897e-006
8.488000e-007	9.999000e-001
8.427000e-016	5.937000e-005
1.000000e-020	8.488000e-007
1.000000e-020	8.427000e-016
1.000000e-020	1.000000e-020
1.000000e-020	1.000000e-020
1.000000e-020	1.000000e-020
Trad: 2.452950e+001	Tbar: 6.487379e-002	NH: 1.852254e-006
8.488000e-007	9.999000e-001
8.427000e-016	5.937000e-005
1.000000e-020	8.488000e-007
1.000000e-020	8.427000e-016
1.000000e-020	1.000000e-020
1.000000e-020	1.000000e-020
1.000000e-020	1.000000e-020
Trad: 2.725500e+001	Tbar: 8.009110e-002	NH: 2.540815e-006
8.488000e-007	9.999000e-001
8.427000e-016	5.937000e-005
1.000000e-020	8.488000e-007
1.000000e-020	8.427000e-016
1.000000e-020	1.000000e-020
1.000000e-020	1.000000e-020
1.000000e-020	1.000000e-020
Trad: 2.998050e+001	Tbar: 9.691023e-002	NH: 3.381825e-006
8.488000e-007	9.999000e-001
8.427000e-016	5.937000e-005
1.000000e-020	8.488000e-007
1.000000e-020	8.427000e-016
1.000000e-020	1.000000e-020
1.000000e-020	1.000000e-020
1.000000e-020	1.000000e-020
Trad: 3.270600e+001	Tbar: 1.153312e-001	NH: 4.390529e-006
8.488000e-007	9.999000e-001
8.427000e-016	5.937000e-005
1.000000e-020	8.488000e-007
1.000000e-020	8.427000e-016
1.000000e-020	1.000000e-020
1.000000e-020	1.000000e-020
1.000000e-020	1.000000e-020
Trad: 3.543150e+001	Tbar: 1.353540e-001	NH: 5.582171e-006
2.815000e-006	9.998000e-001
1.969000e-014	1.903000e-004
2.195000e-020	2.815000e-006
1.000000e-020	1.969000e-014
1.000000e-020	2.195000e-020
1.000000e-020	1.000000e-020
1.000000e-020	1.000000e-020
Trad: 3.815700e+001	Tbar: 1.569785e-001	NH: 6.971997e-006
7.866000e-006	9.995000e-001
2.981000e-013	5.249000e-004
6.510000e-019	7.866000e-006
1.000000e-020	2.981000e-013
1.000000e-020	6.510000e-019
1.000000e-020	1.000000e-020
1.000000e-020	1.000000e-020
Trad: 4.088250e+001	Tbar: 1.802050e-001	NH: 8.575252e-006
1.916000e-005	9.987000e-001
3.173000e-012	1.277000e-003
1.228000e-017	1.916000e-005
1.000000e-020	3.173000e-012
1.000000e-020	1.228000e-017
1.000000e-020	1.000000e-020
1.000000e-020	1.000000e-020
Trad: 4.360800e+001	Tbar: 2.050332e-001	NH: 1.040718e-005
4.170000e-005	9.972000e-001
2.530000e-011	2.800000e-003
1.604000e-016	4.170000e-005
1.000000e-020	2.530000e-011
1.000000e-020	1.604000e-016
1.000000e-020	1.000000e-020
1.000000e-020	1.000000e-020
Trad: 4.633350e+001	Tbar: 2.314633e-001	NH: 1.248303e-005
8.273000e-005	9.945000e-001
1.535000e-010	5.434000e-003
1.546000e-015	8.273000e-005
1.000000e-020	1.535000e-010
1.000000e-020	1.546000e-015
1.000000e-020	1.000000e-020
1.000000e-020	1.000000e-020
Trad: 4.905900e+001	Tbar: 2.594952e-001	NH: 1.481804e-005
1.518000e-004	9.899000e-001
7.715000e-010	9.922000e-003
1.156000e-014	1.518000e-004
1.000000e-020	7.715000e-010
1.000000e-020	1.156000e-014
1.000000e-020	1.000000e-020
1.000000e-020	1.000000e-020
Trad: 5.178450e+001	Tbar: 2.891289e-001	NH: 1.742745e-005
2.603000e-004	9.825000e-001
3.312000e-009	1.721000e-002
6.968000e-014	2.603000e-004
1.000000e-020	3.312000e-009
1.000000e-020	6.968000e-014
1.000000e-020	1.000000e-020
1.000000e-020	1.000000e-020
Trad: 5.451000e+001	Tbar: 3.203644e-001	NH: 2.032652e-005
4.208000e-004	9.710000e-001
1.241000e-008	2.853000e-002
3.493000e-013	4.208000e-004
2.686000e-020	1.241000e-008
1.000000e-020	3.493000e-013
1.000000e-020	2.686000e-020
1.000000e-020	1.000000e-020
Trad: 5.723550e+001	Tbar: 3.532017e-001	NH: 2.353049e-005
6.476000e-004	9.572000e-001
3.839000e-008	4.220000e-002
1.496000e-012	6.476000e-004
3.051000e-019	3.839000e-008
1.000000e-020	1.496000e-012
1.000000e-020	3.051000e-019
1.000000e-020	1.000000e-020
Trad: 5.996100e+001	Tbar: 3.876409e-001	NH: 2.705460e-005
9.509000e-004	9.375000e-001
1.095000e-007	6.154000e-002
5.571000e-012	9.509000e-004
2.838000e-018	1.095000e-007
1.000000e-020	5.571000e-012
1.000000e-020	2.838000e-018
1.000000e-020	1.000000e-020
Trad: 6.268650e+001	Tbar: 4.236819e-001	NH: 3.091410e-005
1.331000e-003	9.066000e-001
3.021000e-007	9.203000e-002
1.824000e-011	1.331000e-003
2.305000e-017	3.021000e-007
1.000000e-020	1.824000e-011
1.000000e-020	2.305000e-017
1.000000e-020	1.000000e-020
Trad: 6.541200e+001	Tbar: 4.613247e-001	NH: 3.512423e-005
1.808000e-003	8.776000e-001
6.942000e-007	1.206000e-001
5.399000e-011	1.808000e-003
1.424000e-016	6.942000e-007
1.000000e-020	5.399000e-011
1.000000e-020	1.424000e-016
1.000000e-020	1.000000e-020
Trad: 6.813750e+001	Tbar: 5.005694e-001	NH: 3.970024e-005
2.346000e-003	8.339000e-001
1.580000e-006	1.638000e-001
1.435000e-010	2.346000e-003
8.057000e-016	1.580000e-006
1.000000e-020	1.435000e-010
1.000000e-020	8.057000e-016
1.000000e-020	1.000000e-020
Trad: 7.086300e+001	Tbar: 5.414158e-001	NH: 4.465737e-005
3.000000e-003	7.995000e-001
3.069000e-006	1.975000e-001
3.554000e-010	3.000000e-003
3.627000e-015	3.069000e-006
1.000000e-020	3.554000e-010
1.000000e-020	3.627000e-015
1.000000e-020	1.000000e-020
Trad: 7.358850e+001	Tbar: 5.838641e-001	NH: 5.001087e-005
3.699000e-003	7.552000e-001
5.826000e-006	2.411000e-001
8.084000e-010	3.699000e-003
1.499000e-014	5.826000e-006
3.075000e-020	8.084000e-010
1.000000e-020	1.499000e-014
1.000000e-020	3.075000e-020
