v=0___j=0	v=0___j=1	v=0___j=2	v=0___j=3	v=0___j=4	v=0___j=5	v=0___j=6	v=0___j=7	v=0___j=8	v=1___j=0	v=1___j=1	v=1___j=2	v=1___j=3	v=0___j=9	v=1___j=4	v=1___j=5	v=0___j=10	v=1___j=6	v=0___j=11	v=1___j=7	v=1___j=8	v=2___j=0	v=2___j=1	v=0___j=12	v=2___j=2	v=2___j=3	v=1___j=9	v=2___j=4	v=0___j=13	v=2___j=5	v=1___j=10	v=2___j=6	v=0___j=14	v=1___j=11	v=2___j=7	v=2___j=8	v=3___j=0	v=3___j=1	v=1___j=12	v=3___j=2	v=0___j=15	v=3___j=3	v=2___j=9	v=3___j=4	v=1___j=13	v=3___j=5	v=0___j=16	v=2___j=10	v=3___j=6	v=1___j=14	v=2___j=11	v=3___j=7	v=0___j=17	v=3___j=8	
z	Trad [K]	Tbar [K]	Heating-Cooling [J/s/cm^3]	dot Tbar Heating-Cooling [K/s]	H	
10	2.997321e+001	1.830346e+000	1.254656e-055	1.786525e-023	3.391105e-004	
1.000000e+000	3.402000e-006	2.049000e-007	4.584000e-018	1.000000e-020	1.000000e-020	1.000000e-020	1.000000e-020	1.000000e-020	1.000000e-020	1.000000e-020	1.000000e-020	1.000000e-020	1.000000e-020	1.000000e-020	1.000000e-020	1.000000e-020	1.000000e-020	1.000000e-020	1.000000e-020	1.000000e-020	1.000000e-020	1.000000e-020	1.000000e-020	1.000000e-020	1.000000e-020	1.000000e-020	1.000000e-020	1.000000e-020	1.000000e-020	1.000000e-020	1.000000e-020	1.000000e-020	1.000000e-020	1.000000e-020	1.000000e-020	1.000000e-020	1.000000e-020	1.000000e-020	1.000000e-020	1.000000e-020	1.000000e-020	1.000000e-020	1.000000e-020	1.000000e-020	1.000000e-020	1.000000e-020	1.000000e-020	1.000000e-020	1.000000e-020	1.000000e-020	1.000000e-020	1.000000e-020	1.000000e-020	
15	4.359049e+001	3.845158e+000	5.066601e-052	2.344331e-020	1.043574e-003	
9.993000e-001	6.736000e-004	4.159000e-005	6.041000e-012	1.582000e-016	1.000000e-020	1.000000e-020	1.000000e-020	1.000000e-020	1.000000e-020	1.000000e-020	1.000000e-020	1.000000e-020	1.000000e-020	1.000000e-020	1.000000e-020	1.000000e-020	1.000000e-020	1.000000e-020	1.000000e-020	1.000000e-020	1.000000e-020	1.000000e-020	1.000000e-020	1.000000e-020	1.000000e-020	1.000000e-020	1.000000e-020	1.000000e-020	1.000000e-020	1.000000e-020	1.000000e-020	1.000000e-020	1.000000e-020	1.000000e-020	1.000000e-020	1.000000e-020	1.000000e-020	1.000000e-020	1.000000e-020	1.000000e-020	1.000000e-020	1.000000e-020	1.000000e-020	1.000000e-020	1.000000e-020	1.000000e-020	1.000000e-020	1.000000e-020	1.000000e-020	1.000000e-020	1.000000e-020	1.000000e-020	1.000000e-020	
20	5.721597e+001	6.573566e+000	7.099213e-050	1.452829e-018	2.359506e-003	
9.885000e-001	1.080000e-002	6.668000e-004	9.773000e-009	1.530000e-012	7.698000e-020	1.000000e-020	1.000000e-020	1.000000e-020	1.000000e-020	1.000000e-020	1.000000e-020	1.000000e-020	1.000000e-020	1.000000e-020	1.000000e-020	1.000000e-020	1.000000e-020	1.000000e-020	1.000000e-020	1.000000e-020	1.000000e-020	1.000000e-020	1.000000e-020	1.000000e-020	1.000000e-020	1.000000e-020	1.000000e-020	1.000000e-020	1.000000e-020	1.000000e-020	1.000000e-020	1.000000e-020	1.000000e-020	1.000000e-020	1.000000e-020	1.000000e-020	1.000000e-020	1.000000e-020	1.000000e-020	1.000000e-020	1.000000e-020	1.000000e-020	1.000000e-020	1.000000e-020	1.000000e-020	1.000000e-020	1.000000e-020	1.000000e-020	1.000000e-020	1.000000e-020	1.000000e-020	1.000000e-020	1.000000e-020	
25	7.082379e+001	9.986660e+000	2.046353e-048	2.206596e-017	4.477991e-003	
9.397000e-001	5.684000e-002	3.512000e-003	8.774000e-007	4.122000e-010	1.025000e-015	1.000000e-020	1.000000e-020	1.000000e-020	1.000000e-020	1.000000e-020	1.000000e-020	1.000000e-020	1.000000e-020	1.000000e-020	1.000000e-020	1.000000e-020	1.000000e-020	1.000000e-020	1.000000e-020	1.000000e-020	1.000000e-020	1.000000e-020	1.000000e-020	1.000000e-020	1.000000e-020	1.000000e-020	1.000000e-020	1.000000e-020	1.000000e-020	1.000000e-020	1.000000e-020	1.000000e-020	1.000000e-020	1.000000e-020	1.000000e-020	1.000000e-020	1.000000e-020	1.000000e-020	1.000000e-020	1.000000e-020	1.000000e-020	1.000000e-020	1.000000e-020	1.000000e-020	1.000000e-020	1.000000e-020	1.000000e-020	1.000000e-020	1.000000e-020	1.000000e-020	1.000000e-020	1.000000e-020	1.000000e-020	
30	8.442043e+001	1.405947e+001	2.334203e-047	1.484963e-016	7.590113e-003	
8.304000e-001	1.596000e-001	9.895000e-003	1.682000e-005	1.668000e-008	5.803000e-013	1.443000e-017	1.000000e-020	1.000000e-020	1.000000e-020	1.000000e-020	1.000000e-020	1.000000e-020	1.000000e-020	1.000000e-020	1.000000e-020	1.000000e-020	1.000000e-020	1.000000e-020	1.000000e-020	1.000000e-020	1.000000e-020	1.000000e-020	1.000000e-020	1.000000e-020	1.000000e-020	1.000000e-020	1.000000e-020	1.000000e-020	1.000000e-020	1.000000e-020	1.000000e-020	1.000000e-020	1.000000e-020	1.000000e-020	1.000000e-020	1.000000e-020	1.000000e-020	1.000000e-020	1.000000e-020	1.000000e-020	1.000000e-020	1.000000e-020	1.000000e-020	1.000000e-020	1.000000e-020	1.000000e-020	1.000000e-020	1.000000e-020	1.000000e-020	1.000000e-020	1.000000e-020	1.000000e-020	1.000000e-020	
35	9.810135e+001	1.880031e+001	1.460998e-046	5.934777e-016	1.188696e-002	
6.803000e-001	3.007000e-001	1.882000e-002	1.279000e-004	2.199000e-007	5.160000e-011	3.676000e-015	4.248000e-020	1.000000e-020	1.000000e-020	1.000000e-020	1.000000e-020	1.000000e-020	1.000000e-020	1.000000e-020	1.000000e-020	1.000000e-020	1.000000e-020	1.000000e-020	1.000000e-020	1.000000e-020	1.000000e-020	1.000000e-020	1.000000e-020	1.000000e-020	1.000000e-020	1.000000e-020	1.000000e-020	1.000000e-020	1.000000e-020	1.000000e-020	1.000000e-020	1.000000e-020	1.000000e-020	1.000000e-020	1.000000e-020	1.000000e-020	1.000000e-020	1.000000e-020	1.000000e-020	1.000000e-020	1.000000e-020	1.000000e-020	1.000000e-020	1.000000e-020	1.000000e-020	1.000000e-020	1.000000e-020	1.000000e-020	1.000000e-020	1.000000e-020	1.000000e-020	1.000000e-020	1.000000e-020	
40	1.116839e+002	2.411896e+001	6.103506e-046	1.678379e-015	1.755961e-002	
5.353000e-001	4.363000e-001	2.786000e-002	5.288000e-004	1.391000e-006	1.351000e-009	2.147000e-013	1.470000e-017	1.000000e-020	1.000000e-020	1.000000e-020	1.000000e-020	1.000000e-020	1.000000e-020	1.000000e-020	1.000000e-020	1.000000e-020	1.000000e-020	1.000000e-020	1.000000e-020	1.000000e-020	1.000000e-020	1.000000e-020	1.000000e-020	1.000000e-020	1.000000e-020	1.000000e-020	1.000000e-020	1.000000e-020	1.000000e-020	1.000000e-020	1.000000e-020	1.000000e-020	1.000000e-020	1.000000e-020	1.000000e-020	1.000000e-020	1.000000e-020	1.000000e-020	1.000000e-020	1.000000e-020	1.000000e-020	1.000000e-020	1.000000e-020	1.000000e-020	1.000000e-020	1.000000e-020	1.000000e-020	1.000000e-020	1.000000e-020	1.000000e-020	1.000000e-020	1.000000e-020	1.000000e-020	
45	1.252679e+002	3.002184e+001	1.981007e-045	3.857223e-015	2.479914e-002	
4.204000e-001	5.422000e-001	3.589000e-002	1.492000e-003	5.593000e-006	1.618000e-008	4.920000e-012	1.330000e-015	4.391000e-020	1.000000e-020	1.000000e-020	1.000000e-020	1.000000e-020	1.000000e-020	1.000000e-020	1.000000e-020	1.000000e-020	1.000000e-020	1.000000e-020	1.000000e-020	1.000000e-020	1.000000e-020	1.000000e-020	1.000000e-020	1.000000e-020	1.000000e-020	1.000000e-020	1.000000e-020	1.000000e-020	1.000000e-020	1.000000e-020	1.000000e-020	1.000000e-020	1.000000e-020	1.000000e-020	1.000000e-020	1.000000e-020	1.000000e-020	1.000000e-020	1.000000e-020	1.000000e-020	1.000000e-020	1.000000e-020	1.000000e-020	1.000000e-020	1.000000e-020	1.000000e-020	1.000000e-020	1.000000e-020	1.000000e-020	1.000000e-020	1.000000e-020	1.000000e-020	1.000000e-020	
50	1.389145e+002	3.651342e+001	5.489219e-045	7.842641e-015	3.379665e-002	
3.382000e-001	6.155000e-001	4.306000e-002	3.285000e-003	1.682000e-005	1.144000e-007	6.037000e-011	4.816000e-014	3.417000e-018	6.477000e-020	1.253000e-019	1.000000e-020	1.000000e-020	1.000000e-020	1.000000e-020	1.000000e-020	1.000000e-020	1.000000e-020	1.000000e-020	1.000000e-020	1.000000e-020	1.000000e-020	1.000000e-020	1.000000e-020	1.000000e-020	1.000000e-020	1.000000e-020	1.000000e-020	1.000000e-020	1.000000e-020	1.000000e-020	1.000000e-020	1.000000e-020	1.000000e-020	1.000000e-020	1.000000e-020	1.000000e-020	1.000000e-020	1.000000e-020	1.000000e-020	1.000000e-020	1.000000e-020	1.000000e-020	1.000000e-020	1.000000e-020	1.000000e-020	1.000000e-020	1.000000e-020	1.000000e-020	1.000000e-020	1.000000e-020	1.000000e-020	1.000000e-020	1.000000e-020	
55	1.524982e+002	4.350813e+001	1.365389e-044	1.473515e-014	4.474322e-002	
2.824000e-001	6.617000e-001	4.986000e-002	6.070000e-003	4.129000e-005	5.493000e-007	4.678000e-010	8.787000e-013	1.199000e-016	2.514000e-018	6.225000e-018	5.243000e-019	7.535000e-020	4.091000e-020	1.000000e-020	1.000000e-020	1.000000e-020	1.000000e-020	1.000000e-020	1.000000e-020	1.000000e-020	1.000000e-020	1.000000e-020	1.000000e-020	1.000000e-020	1.000000e-020	1.000000e-020	1.000000e-020	1.000000e-020	1.000000e-020	1.000000e-020	1.000000e-020	1.000000e-020	1.000000e-020	1.000000e-020	1.000000e-020	1.000000e-020	1.000000e-020	1.000000e-020	1.000000e-020	1.000000e-020	1.000000e-020	1.000000e-020	1.000000e-020	1.000000e-020	1.000000e-020	1.000000e-020	1.000000e-020	1.000000e-020	1.000000e-020	1.000000e-020	1.000000e-020	1.000000e-020	1.000000e-020	
60	1.659760e+002	5.094871e+001	3.133850e-044	2.616682e-014	5.782993e-002	
2.447000e-001	6.886000e-001	5.669000e-002	9.904000e-003	8.761000e-005	1.980000e-006	2.578000e-009	9.602000e-012	2.317000e-015	5.281000e-017	1.563000e-016	1.426000e-017	2.901000e-018	1.795000e-018	3.113000e-020	1.000000e-020	1.000000e-020	1.000000e-020	1.000000e-020	1.000000e-020	1.000000e-020	1.000000e-020	1.000000e-020	1.000000e-020	1.000000e-020	1.000000e-020	1.000000e-020	1.000000e-020	1.000000e-020	1.000000e-020	1.000000e-020	1.000000e-020	1.000000e-020	1.000000e-020	1.000000e-020	1.000000e-020	1.000000e-020	1.000000e-020	1.000000e-020	1.000000e-020	1.000000e-020	1.000000e-020	1.000000e-020	1.000000e-020	1.000000e-020	1.000000e-020	1.000000e-020	1.000000e-020	1.000000e-020	1.000000e-020	1.000000e-020	1.000000e-020	1.000000e-020	1.000000e-020	
65	1.797227e+002	5.902596e+001	6.783087e-044	4.471548e-014	7.324787e-002	
2.180000e-001	7.030000e-001	6.389000e-002	1.492000e-002	1.694000e-004	5.925000e-006	1.139000e-008	7.501000e-011	3.031000e-014	7.427000e-016	2.510000e-015	2.507000e-016	6.740000e-017	4.670000e-017	9.219000e-019	4.063000e-020	1.000000e-020	1.000000e-020	1.000000e-020	1.000000e-020	1.000000e-020	1.000000e-020	1.000000e-020	1.000000e-020	1.000000e-020	1.000000e-020	1.000000e-020	1.000000e-020	1.000000e-020	1.000000e-020	1.000000e-020	1.000000e-020	1.000000e-020	1.000000e-020	1.000000e-020	1.000000e-020	1.000000e-020	1.000000e-020	1.000000e-020	1.000000e-020	1.000000e-020	1.000000e-020	1.000000e-020	1.000000e-020	1.000000e-020	1.000000e-020	1.000000e-020	1.000000e-020	1.000000e-020	1.000000e-020	1.000000e-020	1.000000e-020	1.000000e-020	1.000000e-020	
70	1.933649e+002	6.750439e+001	1.381838e-043	7.317193e-014	9.118811e-002	
1.989000e-001	7.086000e-001	7.119000e-002	2.096000e-002	2.991000e-004	1.493000e-005	4.065000e-008	4.280000e-010	2.726000e-013	7.106000e-015	2.645000e-014	2.901000e-015	9.733000e-016	7.425000e-016	1.652000e-017	1.022000e-018	1.353000e-019	1.000000e-020	1.000000e-020	1.000000e-020	1.000000e-020	1.000000e-020	1.000000e-020	1.000000e-020	1.000000e-020	1.000000e-020	1.000000e-020	1.000000e-020	1.000000e-020	1.000000e-020	1.000000e-020	1.000000e-020	1.000000e-020	1.000000e-020	1.000000e-020	1.000000e-020	1.000000e-020	1.000000e-020	1.000000e-020	1.000000e-020	1.000000e-020	1.000000e-020	1.000000e-020	1.000000e-020	1.000000e-020	1.000000e-020	1.000000e-020	1.000000e-020	1.000000e-020	1.000000e-020	1.000000e-020	1.000000e-020	1.000000e-020	1.000000e-020	
75	2.070216e+002	7.642925e+001	2.667680e-043	1.151742e-013	1.118418e-001	
1.843000e-001	7.088000e-001	7.847000e-002	2.796000e-002	4.917000e-004	3.310000e-005	1.232000e-007	1.931000e-009	1.845000e-012	5.075000e-014	2.034000e-013	2.444000e-014	9.841000e-015	8.163000e-015	2.035000e-016	1.674000e-017	2.421000e-018	7.195000e-020	1.000000e-020	1.000000e-020	1.000000e-020	1.000000e-020	1.000000e-020	1.000000e-020	1.000000e-020	1.000000e-020	1.000000e-020	1.000000e-020	1.000000e-020	1.000000e-020	1.000000e-020	1.000000e-020	1.000000e-020	1.000000e-020	1.000000e-020	1.000000e-020	1.000000e-020	1.000000e-020	1.000000e-020	1.000000e-020	1.000000e-020	1.000000e-020	1.000000e-020	1.000000e-020	1.000000e-020	1.000000e-020	1.000000e-020	1.000000e-020	1.000000e-020	1.000000e-020	1.000000e-020	1.000000e-020	1.000000e-020	1.000000e-020	
80	2.205906e+002	