POP UP			POP LOW
Trad: 2.725500e+000	Tbar: 1.804742e-002	NH: 3.131056e-007	Np: 3.131056e-011
1.332000e-001	4.974000e-002
3.017000e-001	3.633000e-001
5.721000e-002	1.332000e-001
7.675000e-002	3.017000e-001
9.225000e-003	5.721000e-002
8.197000e-003	7.675000e-002
6.768000e-004	9.225000e-003
Trad: 5.451000e+000	Tbar: 7.218969e-002	NH: 2.504845e-006	Np: 2.504845e-010
1.332000e-001	4.974000e-002
3.017000e-001	3.633000e-001
5.721000e-002	1.332000e-001
7.675000e-002	3.017000e-001
9.225000e-003	5.721000e-002
8.197000e-003	7.675000e-002
6.768000e-004	9.225000e-003
Trad: 8.176500e+000	Tbar: 1.624268e-001	NH: 8.453852e-006	Np: 8.453852e-010
1.332000e-001	4.974000e-002
3.017000e-001	3.633000e-001
5.721000e-002	1.332000e-001
7.675000e-002	3.017000e-001
9.225000e-003	5.721000e-002
8.197000e-003	7.675000e-002
6.768000e-004	9.225000e-003
Trad: 1.090200e+001	Tbar: 2.887588e-001	NH: 2.003876e-005	Np: 2.003876e-009
1.332000e-001	4.974000e-002
3.017000e-001	3.633000e-001
5.721000e-002	1.332000e-001
7.675000e-002	3.017000e-001
9.225000e-003	5.721000e-002
8.197000e-003	7.675000e-002
6.768000e-004	9.225000e-003
Trad: 1.362750e+001	Tbar: 4.511855e-001	NH: 3.913820e-005	Np: 3.913820e-009
2.822000e-016	1.000000e+000
1.000000e-020	1.155000e-015
1.000000e-020	2.822000e-016
1.000000e-020	1.000000e-020
1.000000e-020	1.000000e-020
1.000000e-020	1.000000e-020
1.000000e-020	1.000000e-020
Trad: 1.635300e+001	Tbar: 6.497072e-001	NH: 6.763081e-005	Np: 6.763081e-009
1.441000e-013	1.000000e+000
1.000000e-020	5.726000e-013
1.000000e-020	1.441000e-013
1.000000e-020	1.000000e-020
1.000000e-020	1.000000e-020
1.000000e-020	1.000000e-020
1.000000e-020	1.000000e-020
Trad: 1.907850e+001	Tbar: 8.843237e-001	NH: 1.073952e-004	Np: 1.073952e-008
1.239000e-011	1.000000e+000
1.000000e-020	4.922000e-011
1.000000e-020	1.239000e-011
1.000000e-020	1.000000e-020
1.000000e-020	1.000000e-020
1.000000e-020	1.000000e-020
1.000000e-020	1.000000e-020
Trad: 2.180400e+001	Tbar: 1.155035e+000	NH: 1.603101e-004	Np: 1.603101e-008
3.497000e-010	1.000000e+000
1.000000e-020	1.390000e-009
1.000000e-020	3.497000e-010
1.000000e-020	1.000000e-020
1.000000e-020	1.000000e-020
1.000000e-020	1.000000e-020
1.000000e-020	1.000000e-020
Trad: 2.452950e+001	Tbar: 1.461841e+000	NH: 2.282540e-004	Np: 2.282540e-008
4.700000e-009	1.000000e+000
1.000000e-020	1.867000e-008
1.000000e-020	4.700000e-009
1.000000e-020	1.000000e-020
1.000000e-020	1.000000e-020
1.000000e-020	1.000000e-020
1.000000e-020	1.000000e-020
Trad: 2.725500e+001	Tbar: 1.804742e+000	NH: 3.131056e-004	Np: 3.131056e-008
3.757000e-008	1.000000e+000
1.210000e-020	1.493000e-007
1.000000e-020	3.757000e-008
1.000000e-020	1.210000e-020
1.000000e-020	1.000000e-020
1.000000e-020	1.000000e-020
1.000000e-020	1.000000e-020
Trad: 2.998050e+001	Tbar: 2.183738e+000	NH: 4.167436e-004	Np: 4.167436e-008
2.058000e-007	1.000000e+000
1.109000e-018	8.175000e-007
1.000000e-020	2.058000e-007
1.000000e-020	1.109000e-018
1.000000e-020	1.000000e-020
1.000000e-020	1.000000e-020
1.000000e-020	1.000000e-020
Trad: 3.270600e+001	Tbar: 2.598829e+000	NH: 5.410465e-004	Np: 5.410465e-008
8.488000e-007	1.000000e+000
4.787000e-017	3.372000e-006
1.000000e-020	8.488000e-007
1.000000e-020	4.787000e-017
1.000000e-020	1.000000e-020
1.000000e-020	1.000000e-020
1.000000e-020	1.000000e-020
Trad: 3.543150e+001	Tbar: 3.050014e+000	NH: 6.878930e-004	Np: 6.878930e-008
2.816000e-006	1.000000e+000
1.158000e-015	1.119000e-005
2.195000e-020	2.816000e-006
1.000000e-020	1.158000e-015
1.000000e-020	2.195000e-020
1.000000e-020	1.000000e-020
1.000000e-020	1.000000e-020
Trad: 3.815700e+001	Tbar: 3.537295e+000	NH: 8.591618e-004	Np: 8.591618e-008
7.870000e-006	1.000000e+000
1.776000e-014	3.127000e-005
6.513000e-019	7.870000e-006
1.000000e-020	1.776000e-014
1.000000e-020	6.513000e-019
1.000000e-020	1.000000e-020
1.000000e-020	1.000000e-020
Trad: 4.088250e+001	Tbar: 4.060670e+000	NH: 1.056731e-003	Np: 1.056731e-007
1.918000e-005	9.999000e-001
1.893000e-013	7.620000e-005
1.230000e-017	1.918000e-005
1.000000e-020	1.893000e-013
1.000000e-020	1.230000e-017
1.000000e-020	1.000000e-020
1.000000e-020	1.000000e-020
Trad: 4.360800e+001	Tbar: 4.620140e+000	NH: 1.282481e-003	Np: 1.282481e-007
4.181000e-005	9.998000e-001
1.501000e-012	1.661000e-004
1.608000e-016	4.181000e-005
1.000000e-020	1.501000e-012
1.000000e-020	1.608000e-016
1.000000e-020	1.000000e-020
1.000000e-020	1.000000e-020
Trad: 4.633350e+001	Tbar: 5.215705e+000	NH: 1.538288e-003	Np: 1.538288e-007
8.315000e-005	9.996000e-001
9.330000e-012	3.304000e-004
1.554000e-015	8.315000e-005
1.000000e-020	9.330000e-012
1.000000e-020	1.554000e-015
1.000000e-020	1.000000e-020
1.000000e-020	1.000000e-020
Trad: 4.905900e+001	Tbar: 5.847365e+000	NH: 1.826032e-003	Np: 1.826032e-007
1.532000e-004	9.992000e-001
4.732000e-011	6.086000e-004
1.167000e-014	1.532000e-004
1.000000e-020	4.732000e-011
1.000000e-020	1.167000e-014
1.000000e-020	1.000000e-020
1.000000e-020	1.000000e-020
Trad: 5.178450e+001	Tbar: 6.515119e+000	NH: 2.147591e-003	Np: 2.147591e-007
2.645000e-004	9.987000e-001
2.023000e-010	1.051000e-003
7.082000e-014	2.645000e-004
1.000000e-020	2.023000e-010
1.000000e-020	7.082000e-014
1.000000e-020	1.000000e-020
1.000000e-020	1.000000e-020
Trad: 5.451000e+001	Tbar: 7.218969e+000	NH: 2.504845e-003	Np: 2.504845e-007
4.324000e-004	9.978000e-001
7.473000e-010	1.718000e-003
3.589000e-013	4.324000e-004
1.000000e-020	7.473000e-010
1.000000e-020	3.589000e-013
1.000000e-020	1.000000e-020
1.000000e-020	1.000000e-020
Trad: 5.723550e+001	Tbar: 7.958913e+000	NH: 2.899671e-003	Np: 2.899671e-007
6.743000e-004	9.966000e-001
2.437000e-009	2.679000e-003
1.558000e-012	6.743000e-004
1.937000e-020	2.437000e-009
1.000000e-020	1.558000e-012
1.000000e-020	1.937000e-020
1.000000e-020	1.000000e-020
Trad: 5.996100e+001	Tbar: 8.734952e+000	NH: 3.333949e-003	Np: 3.333949e-007
1.009000e-003	9.950000e-001
7.134000e-009	4.009000e-003
5.912000e-012	1.009000e-003
1.849000e-019	7.134000e-009
1.000000e-020	5.912000e-012
1.000000e-020	1.849000e-019
1.000000e-020	1.000000e-020
Trad: 6.268650e+001	Tbar: 9.547086e+000	NH: 3.809556e-003	Np: 3.809556e-007
1.457000e-003	9.928000e-001
1.901000e-008	5.790000e-003
1.997000e-011	1.457000e-003
1.450000e-018	1.901000e-008
1.000000e-020	1.997000e-011
1.000000e-020	1.450000e-018
1.000000e-020	1.000000e-020
Trad: 6.541200e+001	Tbar: 1.039532e+001	NH: 4.328372e-003	Np: 4.328372e-007
2.039000e-003	9.898000e-001
4.676000e-008	8.125000e-003
6.089000e-011	2.039000e-003
9.596000e-018	4.676000e-008
1.000000e-020	6.089000e-011
1.000000e-020	9.596000e-018
1.000000e-020	1.000000e-020
Trad: 6.813750e+001	Tbar: 1.127964e+001	NH: 4.892275e-003	Np: 4.892275e-007
2.774000e-003	9.861000e-001
1.074000e-007	1.113000e-002
1.696000e-010	2.774000e-003
5.476000e-017	1.074000e-007
1.000000e-020	1.696000e-010
1.000000e-020	5.476000e-017
1.000000e-020	1.000000e-020
Trad: 7.086300e+001	Tbar: 1.220006e+001	NH: 5.503144e-003	Np: 5.503144e-007
3.682000e-003	9.814000e-001
2.313000e-007	1.488000e-002
4.362000e-010	3.682000e-003
2.733000e-016	2.313000e-007
1.000000e-020	4.362000e-010
1.000000e-020	2.733000e-016
1.000000e-020	1.000000e-020
Trad: 7.358850e+001	Tbar: 1.315657e+001	NH: 6.162858e-003	Np: 6.162858e-007
4.779000e-003	9.757000e-001
4.705000e-007	1.947000e-002
1.044000e-009	4.779000e-003
1.210000e-015	4.705000e-007
3.927000e-020	1.044000e-009
1.000000e-020	1.210000e-015
1.000000e-020	3.927000e-020
Trad: 7.631400e+001	Tbar: 1.414918e+001	NH: 6.873294e-003	Np: 6.873294e-007
6.077000e-003	9.689000e-001
9.097000e-007	2.499000e-002
2.346000e-009	6.077000e-003
4.821000e-015	9.097000e-007
2.135000e-019	2.346000e-009
1.000000e-020	4.821000e-015
1.000000e-020	2.135000e-019
Trad: 7.903950e+001	Tbar: 1.517788e+001	NH: 7.636333e-003	Np: 7.636333e-007
7.588000e-003	9.609000e-001
1.681000e-006	3.152000e-002
4.973000e-009	7.588000e-003
1.745000e-014	1.681000e-006
1.014000e-018	4.973000e-009
1.000000e-020	1.745000e-014
1.000000e-020	1.014000e-018
Trad: 8.176500e+001	Tbar: 1.624268e+001	NH: 8.453852e-003	Np: 8.453852e-007
9.317000e-003	9.515000e-001
2.981000e-006	3.915000e-002
1.001000e-008	9.317000e-003
5.799000e-014	2.981000e-006
4.341000e-018	1.001000e-008
1.000000e-020	5.799000e-014
1.000000e-020	4.341000e-018
Trad: 8.449050e+001	Tbar: 1.734357e+001	NH: 9.327729e-003	Np: 9.327729e-007
1.126000e-002	9.408000e-001
5.097000e-006	4.797000e-002
1.921000e-008	1.126000e-002
1.784000e-013	5.097000e-006
1.691000e-017	1.921000e-008
1.000000e-020	1.784000e-013
1.000000e-020	1.691000e-017
Trad: 8.721600e+001	Tbar: 1.848056e+001	NH: 1.025984e-002	Np: 1.025984e-006
1.342000e-002	9.285000e-001
8.429000e-006	5.804000e-002
3.532000e-008	1.342000e-002
5.116000e-013	8.429000e-006
6.034000e-017	3.532000e-008
1.000000e-020	5.116000e-013
1.000000e-020	6.034000e-017
Trad: 8.994150e+001	Tbar: 1.965364e+001	NH: 1.125208e-002	Np: 1.125208e-006
1.579000e-002	9.147000e-001
1.353000e-005	6.946000e-002
6.241000e-008	1.579000e-002
1.377000e-012	1.353000e-005
1.988000e-016	6.241000e-008
1.000000e-020	1.377000e-012
1.000000e-020	1.988000e-016
Trad: 9.266700e+001	Tbar: 2.086282e+001	NH: 1.230630e-002	Np: 1.230630e-006
1.835000e-002	8.998000e-001
2.101000e-005	8.185000e-002
1.064000e-007	1.835000e-002
3.481000e-012	2.101000e-005
6.091000e-016	1.064000e-007
1.000000e-020	3.481000e-012
1.000000e-020	6.091000e-016
Trad: 9.539250e+001	Tbar: 2.210809e+001	NH: 1.342440e-002	Np: 1.342440e-006
2.108000e-002	8.835000e-001
3.176000e-005	9.536000e-002
1.755000e-007	2.108000e-002
8.327000e-012	3.176000e-005
1.746000e-015	1.755000e-007
1.000000e-020	8.327000e-012
1.000000e-020	1.746000e-015
Trad: 9.811800e+001	Tbar: 2.338946e+001	NH: 1.460826e-002	Np: 1.460826e-006
2.397000e-002	8.659000e-001
4.690000e-005	1.101000e-001
2.806000e-007	2.397000e-002
1.897000e-011	4.690000e-005
4.706000e-015	2.806000e-007
1.567000e-020	1.897000e-011
1.000000e-020	4.706000e-015
Trad: 1.008435e+002	Tbar: 2.470692e+001	NH: 1.585974e-002	Np: 1.585974e-006
2.697000e-002	8.468000e-001
6.779000e-005	1.261000e-001
4.361000e-007	2.697000e-002
4.132000e-011	6.779000e-005
1.198000e-014	4.361000e-007
6.058000e-020	4.132000e-011
1.000000e-020	1.198000e-014
Trad: 1.035690e+002	Tbar: 2.606048e+001	NH: 1.718073e-002	Np: 1.718073e-006
3.007000e-002	8.265000e-001
9.606000e-005	1.434000e-001
6.601000e-007	3.007000e-002
8.635000e-011	9.606000e-005
2.896000e-014	6.601000e-007
2.180000e-019	8.635000e-011
1.000000e-020	2.896000e-014
Trad: 1.062945e+002	Tbar: 2.745013e+001	NH: 1.857311e-002	Np: 1.857311e-006
3.322000e-002	8.049000e-001
1.336000e-004	1.618000e-001
9.747000e-007	3.322000e-002
1.736000e-010	1.336000e-004
6.666000e-014	9.747000e-007
7.339000e-019	1.736000e-010
1.000000e-020	6.666000e-014
Trad: 1.090200e+002	Tbar: 2.887588e+001	NH: 2.003876e-002	Np: 2.003876e-006
3.640000e-002	7.822000e-001
1.826000e-004	1.812000e-001
1.407000e-006	3.640000e-002
3.368000e-010	1.826000e-004
1.467000e-013	1.407000e-006
2.323000e-018	3.368000e-010
1.000000e-020	1.467000e-013
Trad: 1.117455e+002	Tbar: 3.033772e+001	NH: 2.157955e-002	Np: 2.157955e-006
3.956000e-002	7.586000e-001
2.453000e-004	2.016000e-001
1.988000e-006	3.956000e-002
6.313000e-010	2.453000e-004
3.094000e-013	1.988000e-006
6.940000e-018	6.313000e-010
1.000000e-020	3.094000e-013
Trad: 1.144710e+002	Tbar: 3.183565e+001	NH: 2.319737e-002	Np: 2.319737e-006
4.271000e-002	7.347000e-001
3.239000e-004	2.223000e-001
2.754000e-006	4.271000e-002
1.144000e-009	3.239000e-004
6.283000e-013	2.754000e-006
1.961000e-017	1.144000e-009
1.000000e-020	6.283000e-013
Trad: 1.171965e+002	Tbar: 3.336968e+001	NH: 2.489409e-002	Np: 2.489409e-006
4.579000e-002	7.102000e-001
4.214000e-004	2.436000e-001
3.746000e-006	4.579000e-002
2.015000e-009	4.214000e-004
1.230000e-012	3.746000e-006
5.270000e-017	2.015000e-009
1.000000e-020	1.230000e-012
Trad: 1.199220e+002	Tbar: 3.493981e+001	NH: 2.667159e-002	Np: 2.667159e-006
4.878000e-002	6.853000e-001
5.408000e-004	2.654000e-001
5.009000e-006	4.878000e-002
3.451000e-009	5.408000e-004
2.328000e-012	5.009000e-006
1.352000e-016	3.451000e-009
1.000000e-020	2.328000e-012
Trad: 1.226475e+002	Tbar: 3.654603e+001	NH: 2.853175e-002	Np: 2.853175e-006
5.164000e-002	6.602000e-001
6.850000e-004	2.875000e-001
6.590000e-006	5.164000e-002
5.760000e-009	6.850000e-004
4.270000e-012	6.590000e-006
3.319000e-016	5.760000e-009
2.158000e-020	4.270000e-012
Trad: 1.253730e+002	Tbar: 3.818834e+001	NH: 3.047645e-002	Np: 3.047645e-006
5.438000e-002	6.351000e-001
8.571000e-004	3.097000e-001
8.540000e-006	5.438000e-002
9.384000e-009	8.571000e-004
7.604000e-012	8.540000e-006
7.821000e-016	9.384000e-009
7.463000e-020	7.604000e-012
Trad: 1.280985e+002	Tbar: 3.986676e+001	NH: 3.250756e-002	Np: 3.250756e-006
5.696000e-002	6.101000e-001
1.060000e-003	3.319000e-001
1.091000e-005	5.696000e-002
1.494000e-008	1.060000e-003
1.317000e-011	1.091000e-005
1.773000e-015	1.494000e-008
1.769000e-019	1.317000e-011
Trad: 1.308240e+002	Tbar: 4.158126e+001	NH: 3.462698e-002	Np: 3.462698e-006
5.938000e-002	5.855000e-001
1.297000e-003	3.538000e-001
1.377000e-005	5.938000e-002
2.328000e-008	1.297000e-003
2.224000e-011	1.377000e-005
3.877000e-015	2.328000e-008
4.432000e-019	2.224000e-011
Trad: 1.335495e+002	Tbar: 4.333186e+001	NH: 3.683656e-002	Np: 3.683656e-006
6.164000e-002	5.613000e-001
1.570000e-003	3.754000e-001
1.716000e-005	6.164000e-002
3.555000e-008	1.570000e-003
3.666000e-011	1.716000e-005
8.192000e-015	3.555000e-008
1.047000e-018	3.666000e-011
Trad: 1.362750e+002	Tbar: 4.511855e+001	NH: 3.913820e-002	Np: 3.913820e-006
6.374000e-002	5.378000e-001
1.882000e-003	3.966000e-001
2.114000e-005	6.374000e-002
5.326000e-008	1.882000e-003
5.910000e-011	2.114000e-005
1.677000e-014	5.326000e-008
2.408000e-018	5.910000e-011
Trad: 1.390005e+002	Tbar: 4.694134e+001	NH: 4.153377e-002	Np: 4.153377e-006
6.567000e-002	5.149000e-001
2.235000e-003	4.172000e-001
2.579000e-005	6.567000e-002
7.838000e-008	2.235000e-003
9.328000e-011	2.579000e-005
3.329000e-014	7.838000e-008
5.335000e-018	9.328000e-011
Trad: 1.417260e+002	Tbar: 4.880023e+001	NH: 4.402515e-002	Np: 4.402515e-006
6.745000e-002	4.928000e-001
2.632000e-003	4.371000e-001
3.114000e-005	6.745000e-002
1.134000e-007	2.632000e-003
1.444000e-010	3.114000e-005
6.425000e-014	1.134000e-007
1.144000e-017	1.444000e-010
Trad: 1.444515e+002	Tbar: 5.069521e+001	NH: 4.661422e-002	Np: 4.661422e-006
6.908000e-002	4.717000e-001
3.073000e-003	4.561000e-001
3.728000e-005	6.908000e-002
1.615000e-007	3.073000e-003
2.194000e-010	3.728000e-005
1.207000e-013	1.615000e-007
2.379000e-017	2.194000e-010
Trad: 1.471770e+002	Tbar: 5.262628e+001	NH: 4.930286e-002	Np: 4.930286e-006
7.059000e-002	4.515000e-001
3.561000e-003	4.743000e-001
4.428000e-005	7.059000e-002
2.264000e-007	3.561000e-003
3.279000e-010	4.428000e-005
2.211000e-013	2.264000e-007
4.810000e-017	3.279000e-010
Trad: 1.499025e+002	Tbar: 5.459345e+001	NH: 5.209295e-002	Np: 5.209295e-006
7.198000e-002	4.323000e-001
4.097000e-003	4.916000e-001
5.218000e-005	7.198000e-002
3.131000e-007	4.097000e-003
4.822000e-010	5.218000e-005
3.954000e-013	3.131000e-007
9.462000e-017	4.822000e-010
Trad: 1.526280e+002	Tbar: 5.659672e+001	NH: 5.498636e-002	Np: 5.498636e-006
7.325000e-002	4.140000e-001
4.682000e-003	5.080000e-001
6.105000e-005	7.325000e-002
4.272000e-007	4.682000e-003
6.986000e-010	6.105000e-005
6.914000e-013	4.272000e-007
1.815000e-016	6.986000e-010
Trad: 1.553535e+002	Tbar: 5.863607e+001	NH: 5.798497e-002	Np: 5.798497e-006
7.441000e-002	3.967000e-001
5.317000e-003	5.235000e-001
7.097000e-005	7.441000e-002
5.757000e-007	5.317000e-003
9.979000e-010	7.097000e-005
1.184000e-012	5.757000e-007
3.398000e-016	9.979000e-010
Trad: 1.580790e+002	Tbar: 6.071153e+001	NH: 6.109066e-002	Np: 6.109066e-006
7.548000e-002	3.803000e-001
6.003000e-003	5.382000e-001
8.199000e-005	7.548000e-002
7.668000e-007	6.003000e-003
1.407000e-009	8.199000e-005
1.986000e-012	7.668000e-007
6.221000e-016	1.407000e-009
Trad: 1.608045e+002	Tbar: 6.282308e+001	NH: 6.430532e-002	Np: 6.430532e-006
7.647000e-002	3.648000e-001
6.739000e-003	5.519000e-001
9.418000e-005	7.647000e-002
1.010000e-006	6.739000e-003
1.958000e-009	9.418000e-005
3.271000e-012	1.010000e-006
1.115000e-015	1.958000e-009
Trad: 1.635300e+002	Tbar: 6.497072e+001	NH: 6.763081e-002	Np: 6.763081e-006
7.739000e-002	3.502000e-001
7.528000e-003	5.648000e-001
1.076000e-004	7.739000e-002
1.316000e-006	7.528000e-003
2.695000e-009	1.076000e-004
5.289000e-012	1.316000e-006
1.958000e-015	2.695000e-009
Trad: 1.662555e+002	Tbar: 6.715446e+001	NH: 7.106903e-002	Np: 7.106903e-006
7.825000e-002	3.365000e-001
8.367000e-003	5.768000e-001
1.224000e-004	7.825000e-002
1.698000e-006	8.367000e-003
3.668000e-009	1.224000e-004
8.410000e-012	1.698000e-006
3.375000e-015	3.668000e-009
Trad: 1.689810e+002	Tbar: 6.937429e+001	NH: 7.462183e-002	Np: 7.462183e-006
7.906000e-002	3.235000e-001
9.258000e-003	5.880000e-001
1.385000e-004	7.906000e-002
2.171000e-006	9.258000e-003
4.940000e-009	1.385000e-004
1.316000e-011	2.171000e-006
5.714000e-015	4.940000e-009
Trad: 1.717065e+002	Tbar: 7.163022e+001	NH: 7.829112e-002	Np: 7.829112e-006
7.983000e-002	3.114000e-001
1.020000e-002	5.984000e-001
1.562000e-004	7.983000e-002
2.751000e-006	1.020000e-002
6.590000e-009	1.562000e-004
2.027000e-011	2.751000e-006
9.509000e-015	6.590000e-009
Trad: 1.744320e+002	Tbar: 7.392224e+001	NH: 8.207876e-002	Np: 8.207876e-006
8.056000e-002	3.001000e-001
1.119000e-002	6.080000e-001
1.753000e-004	8.056000e-002
3.456000e-006	1.119000e-002
8.710000e-009	1.753000e-004
3.079000e-011	3.456000e-006
1.557000e-014	8.710000e-009
Trad: 1.771575e+002	Tbar: 7.625036e+001	NH: 8.598663e-002	Np: 8.598663e-006
8.127000e-002	2.894000e-001
1.223000e-002	6.169000e-001
1.961000e-004	8.127000e-002
4.308000e-006	1.223000e-002
1.141000e-008	1.961000e-004
4.612000e-011	4.308000e-006
2.511000e-014	1.141000e-008
Trad: 1.798830e+002	Tbar: 7.861457e+001	NH: 9.001661e-002	Np: 9.001661e-006
8.196000e-002	2.794000e-001
1.332000e-002	6.251000e-001
2.186000e-004	8.196000e-002
5.330000e-006	1.332000e-002
1.483000e-008	2.186000e-004
6.817000e-011	5.330000e-006
3.992000e-014	1.483000e-008
Trad: 1.826085e+002	Tbar: 8.101488e+001	NH: 9.417058e-002	Np: 9.417058e-006
8.263000e-002	2.700000e-001
1.446000e-002	6.326000e-001
2.429000e-004	8.263000e-002
6.546000e-006	1.446000e-002
1.912000e-008	2.429000e-004
9.952000e-011	6.546000e-006
6.257000e-014	1.912000e-008
Trad: 1.853340e+002	Tbar: 8.345128e+001	NH: 9.845042e-002	Np: 9.845042e-006
8.329000e-002	2.613000e-001
1.565000e-002	6.395000e-001
2.691000e-004	8.329000e-002
7.986000e-006	1.565000e-002
2.447000e-008	2.691000e-004
1.436000e-010	7.986000e-006
9.681000e-014	2.447000e-008
Trad: 1.880595e+002	Tbar: 8.592378e+001	NH: 1.028580e-001	Np: 1.028580e-005
8.395000e-002	2.530000e-001
1.688000e-002	6.458000e-001
2.973000e-004	8.395000e-002
9.678000e-006	1.688000e-002
3.110000e-008	2.973000e-004
2.048000e-010	9.678000e-006
1.479000e-013	3.110000e-008
Trad: 1.907850e+002	Tbar: 8.843237e+001	NH: 1.073952e-001	Np: 1.073952e-005
8.461000e-002	2.453000e-001
1.816000e-002	6.515000e-001
3.275000e-004	8.461000e-002
1.166000e-005	1.816000e-002
3.926000e-008	3.275000e-004
2.889000e-010	1.166000e-005
2.233000e-013	3.926000e-008
Trad: 1.935105e+002	Tbar: 9.097705e+001	NH: 1.120639e-001	Np: 1.120639e-005
8.527000e-002	2.381000e-001
1.948000e-002	6.567000e-001
3.598000e-004	8.527000e-002
1.396000e-005	1.948000e-002
4.924000e-008	3.598000e-004
4.035000e-010	1.396000e-005
3.333000e-013	4.924000e-008
Trad: 1.962360e+002	Tbar: 9.355784e+001	NH: 1.168660e-001	Np: 1.168660e-005
8.593000e-002	2.314000e-001
2.085000e-002	6.614000e-001
3.945000e-004	8.593000e-002
1.662000e-005	2.085000e-002
6.140000e-008	3.945000e-004
5.579000e-010	1.662000e-005
4.921000e-013	6.140000e-008
Trad: 1.989615e+002	Tbar: 9.617471e+001	NH: 1.218034e-001	Np: 1.218034e-005
8.660000e-002	2.250000e-001
2.226000e-002	6.656000e-001
4.314000e-004	8.660000e-002
1.969000e-005	2.226000e-002
7.610000e-008	4.314000e-004
7.642000e-010	1.969000e-005
7.190000e-013	7.610000e-008
Trad: 2.016870e+002	Tbar: 9.882768e+001	NH: 1.268779e-001	Np: 1.268779e-005
8.728000e-002	2.191000e-001
2.370000e-002	6.694000e-001
4.709000e-004	8.728000e-002
2.320000e-005	2.370000e-002
9.381000e-008	4.709000e-004
1.037000e-009	2.320000e-005
1.040000e-012	9.381000e-008
Trad: 2.044125e+002	Tbar: 1.015167e+002	NH: 1.320914e-001	Np: 1.320914e-005
8.799000e-002	2.136000e-001
2.519000e-002	6.727000e-001
5.129000e-004	8.799000e-002
2.720000e-005	2.519000e-002
1.150000e-007	5.129000e-004
1.396000e-009	2.720000e-005
1.490000e-012	1.150000e-007
Trad: 2.071380e+002	Tbar: 1.042419e+002	NH: 1.374458e-001	Np: 1.374458e-005
8.872000e-002	2.084000e-001
2.671000e-002	6.756000e-001
5.576000e-004	8.872000e-002
3.174000e-005	2.671000e-002
1.404000e-007	5.576000e-004
1.863000e-009	3.174000e-005
2.116000e-012	1.404000e-007
Trad: 2.098635e+002	Tbar: 1.070032e+002	NH: 1.429430e-001	Np: 1.429430e-005
8.945000e-002	2.035000e-001
2.827000e-002	6.781000e-001
6.052000e-004	8.945000e-002
3.688000e-005	2.827000e-002
1.705000e-007	6.052000e-004
2.466000e-009	3.688000e-005
2.979000e-012	1.705000e-007
Trad: 2.125890e+002	Tbar: 1.098005e+002	NH: 1.485849e-001	Np: 1.485849e-005
9.021000e-002	1.989000e-001
2.986000e-002	6.803000e-001
6.555000e-004	9.021000e-002
4.267000e-005	2.986000e-002
2.060000e-007	6.555000e-004
3.240000e-009	4.267000e-005
4.157000e-012	2.060000e-007
Trad: 2.153145e+002	Tbar: 1.126340e+002	NH: 1.543733e-001	Np: 1.543733e-005
9.097000e-002	1.946000e-001
3.149000e-002	6.821000e-001
7.089000e-004	9.097000e-002
4.916000e-005	3.149000e-002
2.479000e-007	7.089000e-004
4.226000e-009	4.916000e-005
5.755000e-012	2.479000e-007
Trad: 2.180400e+002	Tbar: 1.155035e+002	NH: 1.603101e-001	Np: 1.603101e-005
9.175000e-002	1.906000e-001
3.314000e-002	6.837000e-001
7.652000e-004	9.175000e-002
5.642000e-005	3.314000e-002
2.969000e-007	7.652000e-004
5.473000e-009	5.642000e-005
7.904000e-012	2.969000e-007
Trad: 2.207655e+002	Tbar: 1.184091e+002	NH: 1.663972e-001	Np: 1.663972e-005
9.254000e-002	1.868000e-001
3.483000e-002	6.850000e-001
8.248000e-004	9.254000e-002
6.451000e-005	3.483000e-002
3.542000e-007	8.248000e-004
7.041000e-009	6.451000e-005
1.077000e-011	3.542000e-007
Trad: 2.234910e+002	Tbar: 1.213509e+002	NH: 1.726364e-001	Np: 1.726364e-005
9.334000e-002	1.832000e-001
3.655000e-002	6.860000e-001
8.876000e-004	9.334000e-002
7.350000e-005	3.655000e-002
4.209000e-007	8.876000e-004
8.999000e-009	7.350000e-005
1.458000e-011	4.209000e-007
Trad: 2.262165e+002	Tbar: 1.243287e+002	NH: 1.790297e-001	Np: 1.790297e-005
9.415000e-002	1.797000e-001
3.830000e-002	6.868000e-001
9.537000e-004	9.415000e-002
8.344000e-005	3.830000e-002
4.981000e-007	9.537000e-004
1.143000e-008	8.344000e-005
1.959000e-011	4.981000e-007
Trad: 2.289420e+002	Tbar: 1.273426e+002	NH: 1.855789e-001	Np: 1.855789e-005
9.498000e-002	1.765000e-001
4.007000e-002	6.873000e-001
1.023000e-003	9.498000e-002
9.442000e-005	4.007000e-002
5.873000e-007	1.023000e-003
1.443000e-008	9.442000e-005
2.615000e-011	5.873000e-007
Trad: 2.316675e+002	Tbar: 1.303926e+002	NH: 1.922860e-001	Np: 1.922860e-005
9.581000e-002	1.735000e-001
4.187000e-002	6.877000e-001
1.096000e-003	9.581000e-002
1.065000e-004	4.187000e-002
6.900000e-007	1.096000e-003
1.812000e-008	1.065000e-004
3.467000e-011	6.900000e-007
Trad: 2.343930e+002	Tbar: 1.334787e+002	NH: 1.991527e-001	Np: 1.991527e-005
9.665000e-002	1.706000e-001
4.369000e-002	6.878000e-001
1.173000e-003	9.665000e-002
1.198000e-004	4.369000e-002
8.077000e-007	1.173000e-003
2.262000e-008	1.198000e-004
4.568000e-011	8.077000e-007
Trad: 2.371185e+002	Tbar: 1.366009e+002	NH: 2.061810e-001	Np: 2.061810e-005
9.750000e-002	1.678000e-001
4.553000e-002	6.877000e-001
1.253000e-003	9.750000e-002
1.343000e-004	4.553000e-002
9.423000e-007	1.253000e-003
2.808000e-008	1.343000e-004
5.982000e-011	9.423000e-007
Trad: 2.398440e+002	Tbar: 1.397592e+002	NH: 2.133727e-001	Np: 2.133727e-005
9.836000e-002	1.652000e-001
4.740000e-002	6.875000e-001
1.337000e-003	9.836000e-002
1.501000e-004	4.740000e-002
1.096000e-006	1.337000e-003
3.469000e-008	1.501000e-004
7.787000e-011	1.096000e-006
Trad: 2.425695e+002	Tbar: 1.429536e+002	NH: 2.207298e-001	Np: 2.207298e-005
9.923000e-002	1.627000e-001
4.928000e-002	6.871000e-001
1.425000e-003	9.923000e-002
1.673000e-004	4.928000e-002
1.270000e-006	1.425000e-003
4.264000e-008	1.673000e-004
1.008000e-010	1.270000e-006
Trad: 2.452950e+002	Tbar: 1.461841e+002	NH: 2.282540e-001	Np: 2.282540e-005
1.001000e-001	1.604000e-001
5.119000e-002	6.866000e-001
1.517000e-003	1.001000e-001
1.861000e-004	5.119000e-002
1.468000e-006	1.517000e-003
5.216000e-008	1.861000e-004
1.297000e-010	1.468000e-006
Trad: 2.480205e+002	Tbar: 1.494507e+002	NH: 2.359473e-001	Np: 2.359473e-005
1.010000e-001	1.581000e-001
5.311000e-002	6.860000e-001
1.613000e-003	1.010000e-001
2.064000e-004	5.311000e-002
1.691000e-006	1.613000e-003
6.351000e-008	2.064000e-004
1.661000e-010	1.691000e-006
Trad: 2.507460e+002	Tbar: 1.527534e+002	NH: 2.438116e-001	Np: 2.438116e-005
1.018000e-001	1.560000e-001
5.505000e-002	6.852000e-001
1.712000e-003	1.018000e-001
2.283000e-004	5.505000e-002
1.942000e-006	1.712000e-003
7.698000e-008	2.283000e-004
2.115000e-010	1.942000e-006
Trad: 2.534715e+002	Tbar: 1.560922e+002	NH: 2.518487e-001	Np: 2.518487e-005
1.027000e-001	1.539000e-001
5.700000e-002	6.843000e-001
1.816000e-003	1.027000e-001
2.520000e-004	5.700000e-002
2.224000e-006	1.816000e-003
9.290000e-008	2.520000e-004
2.680000e-010	2.224000e-006
Trad: 2.561970e+002	Tbar: 1.594670e+002	NH: 2.600605e-001	Np: 2.600605e-005
1.036000e-001	1.520000e-001
5.897000e-002	6.832000e-001
1.924000e-003	1.036000e-001
2.775000e-004	5.897000e-002
2.540000e-006	1.924000e-003
1.117000e-007	2.775000e-004
3.379000e-010	2.540000e-006
Trad: 2.589225e+002	Tbar: 1.628780e+002	NH: 2.684489e-001	Np: 2.684489e-005
1.045000e-001	1.501000e-001
6.095000e-002	6.821000e-001
2.036000e-003	1.045000e-001
3.050000e-004	6.095000e-002
2.894000e-006	2.036000e-003
1.336000e-007	3.050000e-004
4.240000e-010	2.894000e-006
Trad: 2.616480e+002	Tbar: 1.663250e+002	NH: 2.770158e-001	Np: 2.770158e-005
1.054000e-001	1.483000e-001
6.295000e-002	6.809000e-001
2.152000e-003	1.054000e-001
3.344000e-004	6.295000e-002
3.288000e-006	2.152000e-003
1.593000e-007	3.344000e-004
5.296000e-010	3.288000e-006
Trad: 2.643735e+002	Tbar: 1.698082e+002	NH: 2.857630e-001	Np: 2.857630e-005
1.062000e-001	1.465000e-001
6.496000e-002	6.796000e-001
2.273000e-003	1.062000e-001
3.659000e-004	6.496000e-002
3.726000e-006	2.273000e-003
1.893000e-007	3.659000e-004
6.586000e-010	3.726000e-006
Trad: 2.670990e+002	Tbar: 1.733274e+002	NH: 2.946925e-001	Np: 2.946925e-005
1.071000e-001	1.449000e-001
6.697000e-002	6.782000e-001
2.398000e-003	1.071000e-001
3.996000e-004	6.697000e-002
4.212000e-006	2.398000e-003
2.240000e-007	3.996000e-004
8.154000e-010	4.212000e-006
Trad: 2.698245e+002	Tbar: 1.768828e+002	NH: 3.038061e-001	Np: 3.038061e-005
1.080000e-001	1.433000e-001
6.900000e-002	6.768000e-001
2.527000e-003	1.080000e-001
4.355000e-004	6.900000e-002
4.750000e-006	2.527000e-003
2.641000e-007	4.355000e-004
1.005000e-009	4.750000e-006
Trad: 2.725500e+002	Tbar: 1.804742e+002	NH: 3.131056e-001	Np: 3.131056e-005
1.089000e-001	1.417000e-001
7.103000e-002	6.753000e-001
2.660000e-003	1.089000e-001
4.737000e-004	7.103000e-002
5.345000e-006	2.660000e-003
3.104000e-007	4.737000e-004
1.234000e-009	5.345000e-006
Trad: 2.752755e+002	Tbar: 1.841018e+002	NH: 3.225930e-001	Np: 3.225930e-005
1.097000e-001	1.402000e-001
7.307000e-002	6.737000e-001
2.798000e-003	1.097000e-001
5.144000e-004	7.307000e-002
6.000000e-006	2.798000e-003
3.635000e-007	5.144000e-004
1.509000e-009	6.000000e-006
Trad: 2.780010e+002	Tbar: 1.877654e+002	NH: 3.322702e-001	Np: 3.322702e-005
1.106000e-001	1.388000e-001
7.512000e-002	6.720000e-001
2.940000e-003	1.106000e-001
5.577000e-004	7.512000e-002
6.720000e-006	2.940000e-003
4.244000e-007	5.577000e-004
1.838000e-009	6.720000e-006
Trad: 2.807265e+002	Tbar: 1.914651e+002	NH: 3.421390e-001	Np: 3.421390e-005
1.114000e-001	1.374000e-001
7.717000e-002	6.703000e-001
3.086000e-003	1.114000e-001
6.035000e-004	7.717000e-002
7.510000e-006	3.086000e-003
4.939000e-007	6.035000e-004
2.230000e-009	7.510000e-006
Trad: 2.834520e+002	Tbar: 1.952009e+002	NH: 3.522012e-001	Np: 3.522012e-005
1.123000e-001	1.360000e-001
7.923000e-002	6.686000e-001
3.237000e-003	1.123000e-001
6.520000e-004	7.923000e-002
8.376000e-006	3.237000e-003
5.731000e-007	6.520000e-004
2.696000e-009	8.376000e-006
Trad: 2.861775e+002	Tbar: 1.989728e+002	NH: 3.624589e-001	Np: 3.624589e-005
1.131000e-001	1.347000e-001
8.129000e-002	6.668000e-001
3.392000e-003	1.131000e-001
7.033000e-004	8.129000e-002
9.322000e-006	3.392000e-003
6.629000e-007	7.033000e-004
3.248000e-009	9.322000e-006
Trad: 2.889030e+002	Tbar: 2.027808e+002	NH: 3.729138e-001	Np: 3.729138e-005
1.139000e-001	1.334000e-001
8.336000e-002	6.650000e-001
3.551000e-003	1.139000e-001
7.574000e-004	8.336000e-002
1.035000e-005	3.551000e-003
7.647000e-007	7.574000e-004
3.899000e-009	1.035000e-005
Trad: 2.916285e+002	Tbar: 2.066249e+002	NH: 3.835678e-001	Np: 3.835678e-005
1.148000e-001	1.322000e-001
8.543000e-002	6.631000e-001
3.715000e-003	1.148000e-001
8.145000e-004	8.543000e-002
1.148000e-005	3.715000e-003
8.797000e-007	8.145000e-004
4.665000e-009	1.148000e-005
Trad: 2.943540e+002	Tbar: 2.105051e+002	NH: 3.944229e-001	Np: 3.944229e-005
1.156000e-001	1.310000e-001
8.750000e-002	6.612000e-001
3.883000e-003	1.156000e-001
8.746000e-004	8.750000e-002
1.270000e-005	3.883000e-003
1.009000e-006	8.746000e-004
5.562000e-009	1.270000e-005
Trad: 2.970795e+002	Tbar: 2.144214e+002	NH: 4.054808e-001	Np: 4.054808e-005
1.164000e-001	1.298000e-001
8.957000e-002	6.593000e-001
4.056000e-003	1.164000e-001
9.378000e-004	8.957000e-002
1.403000e-005	4.056000e-003
1.155000e-006	9.378000e-004
6.611000e-009	1.403000e-005
Trad: 2.998050e+002	Tbar: 2.183738e+002	NH: 4.167436e-001	Np: 4.167436e-005
1.172000e-001	1.286000e-001
9.164000e-002	6.573000e-001
4.232000e-003	1.172000e-001
1.004000e-003	9.164000e-002
1.546000e-005	4.232000e-003
1.318000e-006	1.004000e-003
7.833000e-009	1.546000e-005
Trad: 3.025305e+002	Tbar: 2.223623e+002	NH: 4.282129e-001	Np: 4.282129e-005
1.180000e-001	1.275000e-001
9.371000e-002	6.553000e-001
4.413000e-003	1.180000e-001
1.074000e-003	9.371000e-002
1.702000e-005	4.413000e-003
1.500000e-006	1.074000e-003
9.252000e-009	1.702000e-005
Trad: 3.052560e+002	Tbar: 2.263869e+002	NH: 4.398908e-001	Np: 4.398908e-005
1.187000e-001	1.264000e-001
9.578000e-002	6.533000e-001
4.598000e-003	1.187000e-001
1.147000e-003	9.578000e-002
1.869000e-005	4.598000e-003
1.704000e-006	1.147000e-003
1.090000e-008	1.869000e-005
Trad: 3.079815e+002	Tbar: 2.304475e+002	NH: 4.517792e-001	Np: 4.517792e-005
1.195000e-001	1.254000e-001
9.785000e-002	6.513000e-001
4.787000e-003	1.195000e-001
1.223000e-003	9.785000e-002
2.050000e-005	4.787000e-003
1.930000e-006	1.223000e-003
1.279000e-008	2.050000e-005
Trad: 3.107070e+002	Tbar: 2.345443e+002	NH: 4.638797e-001	Np: 4.638797e-005
1.202000e-001	1.243000e-001
9.992000e-002	6.492000e-001
4.981000e-003	1.202000e-001
1.303000e-003	9.992000e-002
2.245000e-005	4.981000e-003
2.182000e-006	1.303000e-003
1.498000e-008	2.245000e-005
Trad: 3.134325e+002	Tbar: 2.386772e+002	NH: 4.761945e-001	Np: 4.761945e-005
1.210000e-001	1.233000e-001
1.020000e-001	6.471000e-001
5.178000e-003	1.210000e-001
1.387000e-003	1.020000e-001
2.454000e-005	5.178000e-003
2.462000e-006	1.387000e-003
1.749000e-008	2.454000e-005
Trad: 3.161580e+002	Tbar: 2.428461e+002	NH: 4.887253e-001	Np: 4.887253e-005
1.217000e-001	1.223000e-001
1.040000e-001	6.451000e-001
5.380000e-003	1.217000e-001
1.474000e-003	1.040000e-001
2.678000e-005	5.380000e-003
2.770000e-006	1.474000e-003
2.037000e-008	2.678000e-005
Trad: 3.188835e+002	Tbar: 2.470512e+002	NH: 5.014740e-001	Np: 5.014740e-005
1.224000e-001	1.213000e-001
1.061000e-001	6.430000e-001
5.585000e-003	1.224000e-001
1.565000e-003	1.061000e-001
2.918000e-005	5.585000e-003
3.112000e-006	1.565000e-003
2.365000e-008	2.918000e-005
Trad: 3.216090e+002	Tbar: 2.512923e+002	NH: 5.144425e-001	Np: 5.144425e-005
1.231000e-001	1.204000e-001
1.082000e-001	6.409000e-001
5.795000e-003	1.231000e-001
1.660000e-003	1.082000e-001
3.176000e-005	5.795000e-003
3.488000e-006	1.660000e-003
2.740000e-008	3.176000e-005
Trad: 3.243345e+002	Tbar: 2.555695e+002	NH: 5.276327e-001	Np: 5.276327e-005
1.238000e-001	1.195000e-001
1.102000e-001	6.388000e-001
6.008000e-003	1.238000e-001
1.758000e-003	1.102000e-001
3.451000e-005	6.008000e-003
3.901000e-006	1.758000e-003
3.166000e-008	3.451000e-005
Trad: 3.270600e+002	Tbar: 2.598829e+002	NH: 5.410465e-001	Np: 5.410465e-005
1.244000e-001	1.185000e-001
1.122000e-001	6.366000e-001
6.225000e-003	1.244000e-001
1.861000e-003	1.122000e-001
3.744000e-005	6.225000e-003
4.356000e-006	1.861000e-003
3.650000e-008	3.744000e-005
Trad: 3.297855e+002	Tbar: 2.642323e+002	NH: 5.546857e-001	Np: 5.546857e-005
1.251000e-001	1.176000e-001
1.143000e-001	6.345000e-001
6.446000e-003	1.251000e-001
1.967000e-003	1.143000e-001
4.056000e-005	6.446000e-003
4.853000e-006	1.967000e-003
4.197000e-008	4.056000e-005
Trad: 3.325110e+002	Tbar: 2.686178e+002	NH: 5.685522e-001	Np: 5.685522e-005
1.257000e-001	1.167000e-001
1.163000e-001	6.324000e-001
6.671000e-003	1.257000e-001
2.077000e-003	1.163000e-001
4.389000e-005	6.671000e-003
5.398000e-006	2.077000e-003
4.815000e-008	4.389000e-005
Trad: 3.352365e+002	Tbar: 2.730394e+002	NH: 5.826479e-001	Np: 5.826479e-005
1.264000e-001	1.159000e-001
1.183000e-001	6.303000e-001
6.900000e-003	1.264000e-001
2.192000e-003	1.183000e-001
4.743000e-005	6.900000e-003
5.994000e-006	2.192000e-003
5.511000e-008	4.743000e-005
Trad: 3.379620e+002	Tbar: 2.774972e+002	NH: 5.969747e-001	Np: 5.969747e-005
1.270000e-001	1.150000e-001
1.204000e-001	6.281000e-001
7.132000e-003	1.270000e-001
2.311000e-003	1.204000e-001
5.118000e-005	7.132000e-003
6.643000e-006	2.311000e-003
6.295000e-008	5.118000e-005
Trad: 3.406875e+002	Tbar: 2.819910e+002	NH: 6.115344e-001	Np: 6.115344e-005
1.276000e-001	1.142000e-001
1.224000e-001	6.260000e-001
7.367000e-003	1.276000e-001
2.434000e-003	1.224000e-001
5.517000e-005	7.367000e-003
7.349000e-006	2.434000e-003
7.173000e-008	5.517000e-005
Trad: 3.434130e+002	Tbar: 2.865209e+002	NH: 6.263290e-001	Np: 6.263290e-005
1.282000e-001	1.133000e-001
1.244000e-001	6.238000e-001
7.606000e-003	1.282000e-001
2.561000e-003	1.244000e-001
5.939000e-005	7.606000e-003
8.118000e-006	2.561000e-003
8.158000e-008	5.939000e-005
Trad: 3.461385e+002	Tbar: 2.910869e+002	NH: 6.413602e-001	Np: 6.413602e-005
1.288000e-001	1.125000e-001
1.264000e-001	6.217000e-001
7.849000e-003	1.288000e-001
2.692000e-003	1.264000e-001
6.385000e-005	7.849000e-003
8.952000e-006	2.692000e-003
9.258000e-008	6.385000e-005
Trad: 3.488640e+002	Tbar: 2.956890e+002	NH: 6.566301e-001	Np: 6.566301e-005
1.293000e-001	1.117000e-001
1.284000e-001	6.195000e-001
8.095000e-003	1.293000e-001
2.828000e-003	1.284000e-001
6.857000e-005	8.095000e-003
9.856000e-006	2.828000e-003
1.048000e-007	6.857000e-005
Trad: 3.515895e+002	Tbar: 3.003271e+002	NH: 6.721404e-001	Np: 6.721404e-005
1.299000e-001	1.109000e-001
1.304000e-001	6.174000e-001
8.344000e-003	1.299000e-001
2.968000e-003	1.304000e-001
7.356000e-005	8.344000e-003
1.083000e-005	2.968000e-003
1.185000e-007	7.356000e-005
Trad: 3.543150e+002	Tbar: 3.050014e+002	NH: 6.878930e-001	Np: 6.878930e-005
1.304000e-001	1.102000e-001
1.323000e-001	6.153000e-001
8.597000e-003	1.304000e-001
3.113000e-003	1.323000e-001
7.881000e-005	8.597000e-003
1.189000e-005	3.113000e-003
1.337000e-007	7.881000e-005
Trad: 3.570405e+002	Tbar: 3.097118e+002	NH: 7.038899e-001	Np: 7.038899e-005
1.310000e-001	1.094000e-001
1.343000e-001	6.131000e-001
8.852000e-003	1.310000e-001
3.262000e-003	1.343000e-001
8.435000e-005	8.852000e-003
1.303000e-005	3.262000e-003
1.505000e-007	8.435000e-005
Trad: 3.597660e+002	Tbar: 3.144583e+002	NH: 7.201329e-001	Np: 7.201329e-005
1.315000e-001	1.086000e-001
1.362000e-001	6.110000e-001
9.111000e-003	1.315000e-001
3.416000e-003	1.362000e-001
9.018000e-005	9.111000e-003
1.426000e-005	3.416000e-003
1.692000e-007	9.018000e-005
Trad: 3.624915e+002	Tbar: 3.192408e+002	NH: 7.366239e-001	Np: 7.366239e-005
1.320000e-001	1.079000e-001
1.382000e-001	6.089000e-001
9.373000e-003	1.320000e-001
3.574000e-003	1.382000e-001
9.632000e-005	9.373000e-003
1.559000e-005	3.574000e-003
1.898000e-007	9.632000e-005
Trad: 3.652170e+002	Tbar: 3.240595e+002	NH: 7.533647e-001	Np: 7.533647e-005
1.325000e-001	1.072000e-001
1.401000e-001	6.067000e-001
9.638000e-003	1.325000e-001
3.737000e-003	1.401000e-001
1.028000e-004	9.638000e-003
1.701000e-005	3.737000e-003
2.126000e-007	1.028000e-004
Trad: 3.679425e+002	Tbar: 3.289143e+002	NH: 7.703572e-001	Np: 7.703572e-005
1.330000e-001	1.064000e-001
1.420000e-001	6.046000e-001
9.905000e-003	1.330000e-001
3.904000e-003	1.420000e-001
1.095000e-004	9.905000e-003
1.854000e-005	3.904000e-003
2.377000e-007	1.095000e-004
Trad: 3.706680e+002	Tbar: 3.338051e+002	NH: 7.876034e-001	Np: 7.876034e-005
1.334000e-001	1.057000e-001
1.440000e-001	6.025000e-001
1.018000e-002	1.334000e-001
4.076000e-003	1.440000e-001
1.166000e-004	1.018000e-002
2.018000e-005	4.076000e-003
2.653000e-007	1.166000e-004
Trad: 3.733935e+002	Tbar: 3.387321e+002	NH: 8.051051e-001	Np: 8.051051e-005
1.339000e-001	1.050000e-001
1.459000e-001	6.004000e-001
1.045000e-002	1.339000e-001
4.253000e-003	1.459000e-001
1.241000e-004	1.045000e-002
2.194000e-005	4.253000e-003
2.956000e-007	1.241000e-004
Trad: 3.761190e+002	Tbar: 3.436951e+002	NH: 8.228641e-001	Np: 8.228641e-005
1.343000e-001	1.043000e-001
1.477000e-001	5.983000e-001
1.073000e-002	1.343000e-001
4.434000e-003	1.477000e-001
1.318000e-004	1.073000e-002
2.382000e-005	4.434000e-003
3.288000e-007	1.318000e-004
Trad: 3.788445e+002	Tbar: 3.486942e+002	NH: 8.408824e-001	Np: 8.408824e-005
1.348000e-001	1.036000e-001
1.496000e-001	5.962000e-001
1.100000e-002	1.348000e-001
4.620000e-003	1.496000e-001
1.400000e-004	1.100000e-002
2.583000e-005	4.620000e-003
3.652000e-007	1.400000e-004
Trad: 3.815700e+002	Tbar: 3.537295e+002	NH: 8.591618e-001	Np: 8.591618e-005
1.352000e-001	1.030000e-001
1.515000e-001	5.941000e-001
1.129000e-002	1.352000e-001
4.811000e-003	1.515000e-001
1.485000e-004	1.129000e-002
2.797000e-005	4.811000e-003
4.050000e-007	1.485000e-004
Trad: 3.842955e+002	Tbar: 3.588008e+002	NH: 8.777042e-001	Np: 8.777042e-005
1.356000e-001	1.023000e-001
1.533000e-001	5.920000e-001
1.157000e-002	1.356000e-001
5.007000e-003	1.533000e-001
1.574000e-004	1.157000e-002
3.026000e-005	5.007000e-003
4.485000e-007	1.574000e-004
Trad: 3.870210e+002	Tbar: 3.639082e+002	NH: 8.965115e-001	Np: 8.965115e-005
1.360000e-001	1.016000e-001
1.552000e-001	5.899000e-001
1.186000e-002	1.360000e-001
5.207000e-003	1.552000e-001
1.667000e-004	1.186000e-002
3.269000e-005	5.207000e-003
4.959000e-007	1.667000e-004
Trad: 3.897465e+002	Tbar: 3.690517e+002	NH: 9.155856e-001	Np: 9.155856e-005
1.364000e-001	1.010000e-001
1.570000e-001	5.878000e-001
1.214000e-002	1.364000e-001
5.412000e-003	1.570000e-001
1.764000e-004	1.214000e-002
3.528000e-005	5.412000e-003
5.475000e-007	1.764000e-004
Trad: 3.924720e+002	Tbar: 3.742313e+002	NH: 9.349284e-001	Np: 9.349284e-005
1.368000e-001	1.004000e-001
1.588000e-001	5.857000e-001
1.243000e-002	1.368000e-001
5.622000e-003	1.588000e-001
1.864000e-004	1.243000e-002
3.804000e-005	5.622000e-003
6.036000e-007	1.864000e-004
Trad: 3.951975e+002	Tbar: 3.794470e+002	NH: 9.545416e-001	Np: 9.545416e-005
1.372000e-001	9.972000e-002
1.607000e-001	5.837000e-001
1.273000e-002	1.372000e-001
5.837000e-003	1.607000e-001
1.969000e-004	1.273000e-002
4.096000e-005	5.837000e-003
6.645000e-007	1.969000e-004
Trad: 3.979230e+002	Tbar: 3.846988e+002	NH: 9.744273e-001	Np: 9.744273e-005
1.375000e-001	9.910000e-002
1.624000e-001	5.816000e-001
1.302000e-002	1.375000e-001
6.056000e-003	1.624000e-001
2.079000e-004	1.302000e-002
4.406000e-005	6.056000e-003
7.306000e-007	2.079000e-004
Trad: 4.006485e+002	Tbar: 3.899867e+002	NH: 9.945872e-001	Np: 9.945872e-005
1.379000e-001	9.848000e-002
1.642000e-001	5.795000e-001
1.332000e-002	1.379000e-001
6.281000e-003	1.642000e-001
2.192000e-004	1.332000e-002
4.735000e-005	6.281000e-003
8.023000e-007	2.192000e-004
Trad: 4.033740e+002	Tbar: 3.953107e+002	NH: 1.015023e+000	Np: 1.015023e-004
1.382000e-001	9.787000e-002
1.660000e-001	5.775000e-001
1.362000e-002	1.382000e-001
6.510000e-003	1.660000e-001
2.310000e-004	1.362000e-002
5.083000e-005	6.510000e-003
8.797000e-007	2.310000e-004
Trad: 4.060995e+002	Tbar: 4.006708e+002	NH: 1.035737e+000	Np: 1.035737e-004
1.385000e-001	9.726000e-002
1.678000e-001	5.755000e-001
1.392000e-002	1.385000e-001
6.744000e-003	1.678000e-001
2.433000e-004	1.392000e-002
5.452000e-005	6.744000e-003
9.634000e-007	2.433000e-004
Trad: 4.088250e+002	Tbar: 4.060670e+002	NH: 1.056731e+000	Np: 1.056731e-004
1.389000e-001	9.667000e-002
1.695000e-001	5.734000e-001
1.422000e-002	1.389000e-001
6.983000e-003	1.695000e-001
2.560000e-004	1.422000e-002
5.841000e-005	6.983000e-003
1.054000e-006	2.560000e-004
