v=0___j=0	v=0___j=1	v=0___j=2	v=0___j=3	v=0___j=4	v=0___j=5	v=0___j=6	v=0___j=7	v=0___j=8	
z	Trad	Tbar	h	H+	
10	2.997321e+001	1.830346e+000	3.391105e-004	1.356442e-007	
1.000000e+000	8.141000e-007	2.049000e-007	1.097000e-018	1.000000e-020	1.000000e-020	1.000000e-020	1.000000e-020	1.000000e-020	
20	5.721597e+001	6.573566e+000	2.359506e-003	9.438024e-007	
9.967000e-001	2.671000e-003	6.722000e-004	2.418000e-009	1.542000e-012	1.904000e-020	1.000000e-020	1.000000e-020	1.000000e-020	
30	8.442043e+001	1.405947e+001	7.590113e-003	3.036045e-006	
9.427000e-001	4.609000e-002	1.123000e-002	4.857000e-006	1.894000e-008	1.675000e-013	1.638000e-017	1.000000e-020	1.000000e-020	
40	1.116839e+002	2.411896e+001	1.755961e-002	7.023842e-006	
7.765000e-001	1.828000e-001	4.040000e-002	2.216000e-004	2.018000e-006	5.660000e-010	3.114000e-013	6.159000e-018	1.000000e-020	
50	1.389145e+002	3.651342e+001	3.379665e-002	1.351866e-005	
5.608000e-001	3.658000e-001	7.137000e-002	1.953000e-003	2.788000e-005	6.802000e-008	1.001000e-010	2.863000e-014	5.662000e-018	
60	1.659760e+002	5.094871e+001	5.782993e-002	2.313197e-005	
3.859000e-001	5.172000e-001	8.931000e-002	7.439000e-003	1.380000e-004	1.487000e-006	4.062000e-009	7.212000e-012	3.650000e-015	
70	1.933649e+002	6.750439e+001	9.118811e-002	3.647525e-005	
2.736000e-001	6.101000e-001	9.780000e-002	1.804000e-002	4.109000e-004	1.285000e-005	5.584000e-008	3.684000e-010	3.745000e-013	
80	2.205906e+002	8.570722e+001	1.353999e-001	5.415995e-005	
2.082000e-001	6.546000e-001	1.030000e-001	3.319000e-002	9.140000e-004	6.114000e-005	3.901000e-007	6.623000e-009	1.176000e-011	
90	2.478674e+002	1.055065e+002	1.919939e-001	7.679755e-005	
1.695000e-001	6.688000e-001	1.081000e-001	5.168000e-002	1.721000e-003	2.001000e-004	1.796000e-006	6.124000e-008	1.754000e-010	
100	2.749721e+002	1.265613e+002	2.624988e-001	1.049995e-004	
1.457000e-001	6.653000e-001	1.137000e-001	7.191000e-002	2.886000e-003	5.033000e-004	6.144000e-006	3.527000e-007	1.531000e-009	
110	3.022615e+002	1.489929e+002	3.484433e-001	1.393773e-004	
1.296000e-001	6.523000e-001	1.195000e-001	9.305000e-002	4.456000e-003	1.062000e-003	1.709000e-005	1.474000e-006	9.229000e-009	
120	3.297781e+002	1.727180e+002	4.513561e-001	1.805424e-004	
1.178000e-001	6.345000e-001	1.250000e-001	1.143000e-001	6.441000e-003	1.966000e-003	4.053000e-005	4.851000e-006	4.193000e-008	
130	3.567100e+002	1.968857e+002	5.727658e-001	2.291063e-004	
1.088000e-001	6.150000e-001	1.298000e-001	1.344000e-001	8.743000e-003	3.251000e-003	8.292000e-005	1.292000e-005	1.471000e-007	
140	3.836807e+002	2.219112e+002	7.142011e-001	2.856804e-004	
1.015000e-001	5.948000e-001	1.337000e-001	1.535000e-001	1.135000e-002	4.980000e-003	1.533000e-004	2.983000e-005	4.325000e-007	
150	4.112413e+002	2.482267e+002	8.771907e-001	3.508763e-004	
9.510000e-002	5.743000e-001	1.370000e-001	1.718000e-001	1.427000e-002	7.228000e-003	2.635000e-004	6.230000e-005	1.122000e-006	
160	4.382702e+002	2.746685e+002	1.063263e+000	4.253053e-004	
8.965000e-002	5.549000e-001	1.394000e-001	1.883000e-001	1.730000e-002	9.908000e-003	4.182000e-004	1.167000e-004	2.534000e-006	
170	4.657054e+002	3.020627e+002	1.273947e+000	5.095790e-004	
8.475000e-002	5.360000e-001	1.411000e-001	2.038000e-001	2.050000e-002	1.309000e-002	6.305000e-004	2.041000e-004	5.245000e-006	
180	4.932343e+002	3.300339e+002	1.510772e+000	6.043088e-004	
8.036000e-002	5.179000e-001	1.421000e-001	2.178000e-001	2.377000e-002	1.673000e-002	9.063000e-004	3.347000e-004	9.998000e-006	
190	5.199072e+002	3.575311e+002	1.775265e+000	7.101062e-004	
7.653000e-002	5.012000e-001	1.427000e-001	2.302000e-001	2.696000e-002	2.064000e-002	1.238000e-003	5.127000e-004	1.745000e-005	
200	5.475095e+002	3.863353e+002	2.068957e+000	8.275826e-004	
7.292000e-002	4.849000e-001	1.428000e-001	2.417000e-001	3.023000e-002	2.504000e-002	1.652000e-003	7.610000e-004	2.926000e-005	
210	5.748302e+002	4.151410e+002	2.393374e+000	9.573496e-004	
6.969000e-002	4.695000e-001	1.426000e-001	2.518000e-001	3.341000e-002	2.968000e-002	2.134000e-003	1.081000e-003	4.636000e-005	
220	6.020106e+002	4.440434e+002	2.750046e+000	1.100019e-003	
6.675000e-002	4.551000e-001	1.421000e-001	2.608000e-001	3.650000e-002	3.455000e-002	2.683000e-003	1.482000e-003	7.015000e-005	
230	6.294505e+002	4.734268e+002	3.140502e+000	1.256201e-003	
6.402000e-002	4.413000e-001	1.413000e-001	2.688000e-001	3.952000e-002	3.967000e-002	3.308000e-003	1.978000e-003	1.026000e-004	
240	6.566787e+002	5.027511e+002	3.566271e+000	1.426508e-003	
6.153000e-002	4.283000e-001	1.404000e-001	2.757000e-001	4.241000e-002	4.489000e-002	3.994000e-003	2.568000e-003	1.446000e-004	
250	6.831046e+002	5.313402e+002	4.028880e+000	1.611552e-003	
5.931000e-002	4.164000e-001	1.393000e-001	2.817000e-001	4.509000e-002	5.005000e-002	4.720000e-003	3.237000e-003	1.963000e-004	
260	7.109354e+002	5.615588e+002	4.529859e+000	1.811944e-003	
5.714000e-002	4.045000e-001	1.381000e-001	2.871000e-001	4.778000e-002	5.556000e-002	5.543000e-003	4.048000e-003	2.639000e-004	
270	7.385904e+002	5.916722e+002	5.070737e+000	2.028295e-003	
5.513000e-002	3.933000e-001	1.367000e-001	2.918000e-001	5.032000e-002	6.107000e-002	6.416000e-003	4.965000e-003	3.458000e-004	
280	7.655944e+002	6.211384e+002	5.653041e+000	2.261216e-003	
5.332000e-002	3.829000e-001	1.353000e-001	2.957000e-001	5.267000e-002	6.643000e-002	7.315000e-003	5.966000e-003	4.412000e-004	
290	7.923492e+002	6.503752e+002	6.278301e+000	2.511321e-003	
5.166000e-002	3.731000e-001	1.339000e-001	2.989000e-001	5.487000e-002	7.172000e-002	8.246000e-003	7.061000e-003	5.518000e-004	
300	8.195070e+002	6.800799e+002	6.948046e+000	2.779218e-003	
5.006000e-002	3.636000e-001	1.324000e-001	3.017000e-001	5.697000e-002	7.704000e-002	9.228000e-003	8.274000e-003	6.814000e-004	
310	8.468714e+002	7.100254e+002	7.663803e+000	3.065521e-003	
4.856000e-002	3.546000e-001	1.308000e-001	3.041000e-001	5.895000e-002	8.232000e-002	1.025000e-002	9.598000e-003	8.304000e-004	
320	8.742011e+002	7.399360e+002	8.427103e+000	3.370841e-003	
4.716000e-002	3.460000e-001	1.293000e-001	3.059000e-001	6.081000e-002	8.751000e-002	1.129000e-002	1.102000e-002	9.982000e-004	
330	9.012077e+002	7.694863e+002	9.239472e+000	3.695789e-003	
4.586000e-002	3.379000e-001	1.277000e-001	3.074000e-001	6.253000e-002	9.253000e-002	1.235000e-002	1.251000e-002	1.183000e-003	
340	9.289965e+002	7.998767e+002	1.010244e+001	4.040976e-003	
4.458000e-002	3.300000e-001	1.261000e-001	3.086000e-001	6.418000e-002	9.757000e-002	1.345000e-002	1.414000e-002	1.394000e-003	
350	9.559562e+002	8.293381e+002	1.101754e+001	4.407015e-003	
4.343000e-002	3.227000e-001	1.246000e-001	3.094000e-001	6.567000e-002	1.023000e-001	1.453000e-002	1.580000e-002	1.617000e-003	
360	9.833294e+002	8.592229e+002	1.198629e+001	4.794516e-003	
4.231000e-002	3.156000e-001	1.230000e-001	3.099000e-001	6.708000e-002	1.071000e-001	1.564000e-002	1.755000e-002	1.864000e-003	
370	1.010997e+003	8.893949e+002	1.301023e+001	5.204091e-003	
4.124000e-002	3.087000e-001	1.214000e-001	3.102000e-001	6.840000e-002	1.117000e-001	1.676000e-002	1.941000e-002	2.133000e-003	
380	1.036900e+003	9.176075e+002	1.409088e+001	5.636352e-003	
4.028000e-002	3.026000e-001	1.200000e-001	3.103000e-001	6.955000e-002	1.159000e-001	1.782000e-002	2.120000e-002	2.403000e-003	
390	1.064565e+003	9.476995e+002	1.522977e+001	6.091910e-003	
3.931000e-002	2.963000e-001	1.184000e-001	3.102000e-001	7.069000e-002	1.202000e-001	1.894000e-002	2.317000e-002	2.709000e-003	
400	1.092009e+003	9.775064e+002	1.642844e+001	6.571376e-003	
3.839000e-002	2.904000e-001	1.170000e-001	3.099000e-001	7.174000e-002	1.244000e-001	2.005000e-002	2.518000e-002	3.032000e-003	
410	1.120169e+003	1.008043e+003	1.768840e+001	7.075362e-003	
3.748000e-002	2.845000e-001	1.155000e-001	3.094000e-001	7.274000e-002	1.285000e-001	2.118000e-002	2.729000e-002	3.382000e-003	
420	1.146541e+003	1.036596e+003	1.901120e+001	7.604479e-003	
3.667000e-002	2.793000e-001	1.141000e-001	3.088000e-001	7.361000e-002	1.322000e-001	2.224000e-002	2.930000e-002	3.726000e-003	
430	1.174560e+003	1.066883e+003	2.039835e+001	8.159339e-003	
3.585000e-002	2.739000e-001	1.127000e-001	3.081000e-001	7.446000e-002	1.360000e-001	2.335000e-002	3.148000e-002	4.108000e-003	
440	1.201605e+003	1.096068e+003	2.185138e+001	8.740554e-003	
3.508000e-002	2.690000e-001	1.113000e-001	3.073000e-001	7.522000e-002	1.396000e-001	2.441000e-002	3.362000e-002	4.493000e-003	
450	1.228826e+003	1.125394e+003	2.337184e+001	9.348734e-003	
3.434000e-002	2.642000e-001	1.100000e-001	3.064000e-001	7.592000e-002	1.430000e-001	2.546000e-002	3.579000e-002	4.895000e-003	
460	1.256121e+003	1.154750e+003	2.496123e+001	9.984492e-003	
3.363000e-002	2.596000e-001	1.087000e-001	3.054000e-001	7.657000e-002	1.463000e-001	2.651000e-002	3.799000e-002	5.312000e-003	
470	1.283372e+003	1.184010e+003	2.662109e+001	1.064844e-002	
3.295000e-002	2.551000e-001	1.074000e-001	3.043000e-001	7.717000e-002	1.495000e-001	2.753000e-002	4.021000e-002	5.742000e-003	
480	1.310450e+003	1.213035e+003	2.835296e+001	1.134118e-002	
3.230000e-002	2.509000e-001	1.062000e-001	3.032000e-001	7.772000e-002	1.526000e-001	2.854000e-002	4.243000e-002	6.182000e-003	
490	1.337207e+003	1.241670e+003	3.015836e+001	1.206334e-002	
3.168000e-002	2.468000e-001	1.050000e-001	3.020000e-001	7.822000e-002	1.555000e-001	2.952000e-002	4.462000e-002	6.627000e-003	
500	1.365411e+003	1.271802e+003	3.203881e+001	1.281552e-002	
3.105000e-002	2.427000e-001	1.038000e-001	3.008000e-001	7.870000e-002	1.584000e-001	3.053000e-002	4.695000e-002	7.108000e-003	
510	1.391125e+003	1.299231e+003	3.399585e+001	1.359834e-002	
3.050000e-002	2.391000e-001	1.027000e-001	2.996000e-001	7.910000e-002	1.610000e-001	3.143000e-002	4.907000e-002	7.556000e-003	
520	1.418119e+003	1.327980e+003	3.603100e+001	1.441240e-002	
2.994000e-002	2.354000e-001	1.016000e-001	2.983000e-001	7.949000e-002	1.635000e-001	3.237000e-002	5.130000e-002	8.036000e-003	
530	1.446500e+003	1.358157e+003	3.814580e+001	1.525832e-002	
2.937000e-002	2.317000e-001	1.004000e-001	2.970000e-001	7.986000e-002	1.662000e-001	3.333000e-002	5.364000e-002	8.549000e-003	
540	1.474031e+003	1.387384e+003	4.034177e+001	1.613671e-002	
2.884000e-002	2.282000e-001	9.935000e-002	2.956000e-001	8.019000e-002	1.686000e-001	3.425000e-002	5.591000e-002	9.055000e-003	
550	1.500483e+003	1.415425e+003	4.262045e+001	1.704818e-002	
2.836000e-002	2.249000e-001	9.834000e-002	2.943000e-001	8.047000e-002	1.708000e-001	3.512000e-002	5.808000e-002	9.548000e-003	
560	1.528191e+003	1.444752e+003	4.498335e+001	1.799334e-002	
2.786000e-002	2.216000e-001	9.731000e-002	2.929000e-001	8.074000e-002	1.731000e-001	3.600000e-002	6.035000e-002	1.007000e-002	
570	1.554553e+003	1.472615e+003	4.743201e+001	1.897280e-002	
2.741000e-002	2.186000e-001	9.634000e-002	2.916000e-001	8.097000e-002	1.752000e-001	3.683000e-002	6.250000e-002	1.058000e-002	
580	1.582117e+003	1.501707e+003	4.996796e+001	1.998718e-002	
2.696000e-002	2.155000e-001	9.536000e-002	2.902000e-001	8.119000e-002	1.773000e-001	3.767000e-002	6.473000e-002	1.111000e-002	
590	1.608028e+003	1.529018e+003	5.259272e+001	2.103709e-002	
2.654000e-002	2.127000e-001	9.445000e-002	2.889000e-001	8.139000e-002	1.792000e-001	3.846000e-002	6.683000e-002	1.161000e-002	
600	1.635060e+003	1.557472e+003	5.530783e+001	2.212313e-002	
2.612000e-002	2.098000e-001	9.352000e-002	2.875000e-001	8.157000e-002	1.811000e-001	3.926000e-002	6.901000e-002	1.215000e-002	
610	1.663295e+003	1.587153e+003	5.811481e+001	2.324592e-002	
2.569000e-002	2.068000e-001	9.257000e-002	2.861000e-001	8.173000e-002	1.830000e-001	4.008000e-002	7.127000e-002	1.271000e-002	
620	1.689473e+003	1.614636e+003	6.101519e+001	2.440608e-002	
2.531000e-002	2.042000e-001	9.171000e-002	2.848000e-001	8.187000e-002	1.847000e-001	4.083000e-002	7.334000e-002	1.323000e-002	
630	1.718481e+003	1.645053e+003	6.401051e+001	2.560420e-002	
2.491000e-002	2.014000e-001	9.077000e-002	2.834000e-001	8.200000e-002	1.865000e-001	4.163000e-002	7.562000e-002	1.381000e-002	
640	1.746988e+003	1.674905e+003	6.710228e+001	2.684091e-002	
2.452000e-002	1.987000e-001	8.988000e-002	2.819000e-001	8.211000e-002	1.882000e-001	4.241000e-002	7.784000e-002	1.439000e-002	
650	1.772956e+003	1.702067e+003	7.029204e+001	2.811682e-002	
2.419000e-002	1.963000e-001	8.909000e-002	2.806000e-001	8.220000e-002	1.897000e-001	4.309000e-002	7.984000e-002	1.491000e-002	
660	1.799943e+003	1.730263e+003	7.358132e+001	2.943253e-002	
2.385000e-002	1.939000e-001	8.828000e-002	2.793000e-001	8.227000e-002	1.912000e-001	4.379000e-002	8.190000e-002	1.546000e-002	
670	1.828017e+003	1.759562e+003	7.697164e+001	3.078866e-002	
2.351000e-002	1.915000e-001	8.746000e-002	2.779000e-001	8.234000e-002	1.927000e-001	4.450000e-002	8.402000e-002	1.603000e-002	
680	1.855123e+003	1.787819e+003	8.046454e+001	3.218582e-002	
2.319000e-002	1.892000e-001	8.669000e-002	2.766000e-001	8.239000e-002	1.941000e-001	4.517000e-002	8.604000e-002	1.658000e-002	
690	1.883292e+003	1.817153e+003	8.406154e+001	3.362462e-002	
2.288000e-002	1.870000e-001	8.591000e-002	2.752000e-001	8.243000e-002	1.955000e-001	4.585000e-002	8.812000e-002	1.715000e-002	
700	1.910297e+003	1.845246e+003	8.776417e+001	3.510567e-002	
2.258000e-002	1.849000e-001	8.518000e-002	2.739000e-001	8.245000e-002	1.968000e-001	4.649000e-002	9.009000e-002	1.770000e-002	
710	1.935951e+003	1.871908e+003	9.157396e+001	3.662958e-002	
2.231000e-002	1.829000e-001	8.450000e-002	2.727000e-001	8.247000e-002	1.979000e-001	4.708000e-002	9.194000e-002	1.822000e-002	
720	1.964977e+003	1.902045e+003	9.549244e+001	3.819698e-002	
2.201000e-002	1.808000e-001	8.374000e-002	2.713000e-001	8.247000e-002	1.992000e-001	4.774000e-002	9.401000e-002	1.881000e-002	
730	1.990043e+003	1.928047e+003	9.952113e+001	3.980845e-002	
2.176000e-002	1.790000e-001	8.311000e-002	2.701000e-001	8.247000e-002	2.002000e-001	4.829000e-002	9.578000e-002	1.932000e-002	
740	2.018594e+003	1.957637e+003	1.036616e+002	4.146463e-002	
2.149000e-002	1.770000e-001	8.240000e-002	2.688000e-001	8.246000e-002	2.014000e-001	4.890000e-002	9.776000e-002	1.990000e-002	
750	2.045489e+003	1.985486e+003	1.079153e+002	4.316612e-002	
2.124000e-002	1.751000e-001	8.175000e-002	2.675000e-001	8.245000e-002	2.024000e-001	4.947000e-002	9.961000e-002	2.044000e-002	
760	2.073332e+003	2.014293e+003	1.122838e+002	4.491353e-002	
2.099000e-002	1.733000e-001	8.109000e-002	2.663000e-001	8.242000e-002	2.034000e-001	5.004000e-002	1.015000e-001	2.100000e-002	
770	2.099248e+003	2.041083e+003	1.167687e+002	4.670747e-002	
2.076000e-002	1.716000e-001	8.049000e-002	2.651000e-001	8.239000e-002	2.043000e-001	5.056000e-002	1.032000e-001	2.151000e-002	
780	2.126021e+003	2.068738e+003	1.213714e+002	4.854855e-002	
2.053000e-002	1.699000e-001	7.988000e-002	2.639000e-001	8.235000e-002	2.053000e-001	5.108000e-002	1.050000e-001	2.205000e-002	
790	2.153698e+003	2.097304e+003	1.260935e+002	5.043739e-002	
2.030000e-002	1.683000e-001	7.927000e-002	2.627000e-001	8.231000e-002	2.062000e-001	5.161000e-002	1.068000e-001	2.259000e-002	
800	2.182329e+003	2.126832e+003	1.309365e+002	5.237460e-002	
2.008000e-002	1.666000e-001	7.865000e-002	2.615000e-001	8.226000e-002	2.071000e-001	5.215000e-002	1.086000e-001	2.316000e-002	
810	2.208624e+003	2.153931e+003	1.359020e+002	5.436079e-002	
1.987000e-002	1.650000e-001	7.809000e-002	2.603000e-001	8.221000e-002	2.079000e-001	5.263000e-002	1.103000e-001	2.368000e-002	
820	2.235759e+003	2.181875e+003	1.409914e+002	5.639656e-002	
1.967000e-002	1.635000e-001	7.753000e-002	2.592000e-001	8.215000e-002	2.087000e-001	5.312000e-002	1.120000e-001	2.420000e-002	
830	2.263776e+003	2.210708e+003	1.462064e+002	5.848254e-002	
1.946000e-002	1.620000e-001	7.696000e-002	2.580000e-001	8.209000e-002	2.094000e-001	5.360000e-002	1.137000e-001	2.475000e-002	
840	2.289053e+003	2.236704e+003	1.515483e+002	6.061933e-002	
1.928000e-002	1.606000e-001	7.646000e-002	2.570000e-001	8.202000e-002	2.101000e-001	5.404000e-002	1.153000e-001	2.524000e-002	
850	2.318858e+003	2.267336e+003	1.570189e+002	6.280755e-002	
1.907000e-002	1.591000e-001	7.588000e-002	2.558000e-001	8.195000e-002	2.109000e-001	5.453000e-002	1.170000e-001	2.581000e-002	
860	2.345780e+003	2.294988e+003	1.626195e+002	6.504780e-002	
1.889000e-002	1.577000e-001	7.537000e-002	2.547000e-001	8.188000e-002	2.116000e-001	5.497000e-002	1.186000e-001	2.632000e-002	
870	2.373531e+003	2.323473e+003	1.683518e+002	6.734070e-002	
1.871000e-002	1.563000e-001	7.485000e-002	2.536000e-001	8.180000e-002	2.122000e-001	5.542000e-002	1.202000e-001	2.685000e-002	
880	2.398009e+003	2.348584e+003	1.742172e+002	6.968686e-002	
1.855000e-002	1.552000e-001	7.441000e-002	2.526000e-001	8.173000e-002	2.128000e-001	5.580000e-002	1.216000e-001	2.731000e-002	
890	2.427414e+003	2.378732e+003	1.802172e+002	7.208689e-002	
1.837000e-002	1.538000e-001	7.388000e-002	2.515000e-001	8.164000e-002	2.134000e-001	5.625000e-002	1.233000e-001	2.786000e-002	
900	2.453377e+003	2.405337e+003	1.863535e+002	7.454140e-002	
1.821000e-002	1.526000e-001	7.343000e-002	2.505000e-001	8.156000e-002	2.140000e-001	5.663000e-002	1.248000e-001	2.834000e-002	
910	2.480077e+003	2.432682e+003	1.926275e+002	7.705101e-002	
1.805000e-002	1.514000e-001	7.297000e-002	2.495000e-001	8.148000e-002	2.145000e-001	5.702000e-002	1.262000e-001	2.883000e-002	
920	2.507548e+003	2.460801e+003	1.990408e+002	7.961631e-002	
1.789000e-002	1.502000e-001	7.251000e-002	2.485000e-001	8.139000e-002	2.151000e-001	5.741000e-002	1.277000e-001	2.933000e-002	
930	2.535826e+003	2.489731e+003	2.055948e+002	8.223794e-002	
1.773000e-002	1.490000e-001	7.204000e-002	2.474000e-001	8.130000e-002	2.156000e-001	5.781000e-002	1.292000e-001	2.984000e-002	
940	2.560036e+003	2.514488e+003	2.122912e+002	8.491649e-002	
1.760000e-002	1.479000e-001	7.165000e-002	2.466000e-001	8.122000e-002	2.161000e-001	5.814000e-002	1.305000e-001	3.028000e-002	
950	2.589898e+003	2.545010e+003	2.191315e+002	8.765259e-002	
1.744000e-002	1.467000e-001	7.118000e-002	2.455000e-001	8.112000e-002	2.166000e-001	5.854000e-002	1.321000e-001	3.081000e-002	
960	2.615489e+003	2.571154e+003	2.261171e+002	9.044683e-002	
1.731000e-002	1.457000e-001	7.078000e-002	2.446000e-001	8.103000e-002	2.170000e-001	5.887000e-002	1.334000e-001	3.127000e-002	
970	2.644415e+003	2.600691e+003	2.332496e+002	9.329983e-002	
1.716000e-002	1.446000e-001	7.035000e-002	2.436000e-001	8.093000e-002	2.175000e-001	5.925000e-002	1.348000e-001	3.177000e-002	
980	2.671449e+003	2.628283e+003	2.405305e+002	9.621221e-002	
1.702000e-002	1.435000e-001	6.994000e-002	2.427000e-001	8.083000e-002	2.179000e-001	5.958000e-002	1.362000e-001	3.225000e-002	
990	2.699216e+003	2.656612e+003	2.479614e+002	9.918458e-002	
1.689000e-002	1.425000e-001	6.954000e-002	2.418000e-001	8.073000e-002	2.184000e-001	5.992000e-002	1.375000e-001	3.273000e-002	
1000	2.727750e+003	2.685710e+003	2.555438e+002	1.022175e-001	
1.675000e-002	1.415000e-001	6.913000e-002	2.408000e-001	8.063000e-002	2.188000e-001	6.027000e-002	1.389000e-001	3.322000e-002	
1010	2.754115e+003	2.712586e+003	2.632793e+002	1.053117e-001	
1.663000e-002	1.405000e-001	6.876000e-002	2.400000e-001	8.053000e-002	2.191000e-001	6.058000e-002	1.402000e-001	3.366000e-002	
1020	2.781158e+003	2.740141e+003	2.711692e+002	1.084677e-001	
1.651000e-002	1.396000e-001	6.839000e-002	2.391000e-001	8.044000e-002	2.195000e-001	6.089000e-002	1.415000e-001	3.412000e-002	
1030	2.808906e+003	2.768404e+003	2.792153e+002	1.116861e-001	
1.639000e-002	1.386000e-001	6.801000e-002	2.382000e-001	8.033000e-002	2.199000e-001	6.120000e-002	1.427000e-001	3.458000e-002	
1040	2.834188e+003	2.794146e+003	2.874189e+002	1.149676e-001	
1.628000e-002	1.378000e-001	6.768000e-002	2.374000e-001	8.024000e-002	2.202000e-001	6.148000e-002	1.439000e-001	3.500000e-002	
1050	2.863354e+003	2.823831e+003	2.957817e+002	1.183127e-001	
1.615000e-002	1.368000e-001	6.730000e-002	2.366000e-001	8.013000e-002	2.205000e-001	6.180000e-002	1.452000e-001	3.548000e-002	
1060	2.889949e+003	2.850890e+003	3.043052e+002	1.217221e-001	
1.604000e-002	1.360000e-001	6.696000e-002	2.357000e-001	8.004000e-002	2.208000e-001	6.208000e-002	1.464000e-001	3.591000e-002	
1070	2.917200e+003	2.878607e+003	3.129908e+002	1.251963e-001	
1.593000e-002	1.351000e-001	6.662000e-002	2.349000e-001	7.993000e-002	2.212000e-001	6.236000e-002	1.476000e-001	3.635000e-002	
1080	2.945136e+003	2.907010e+003	3.218402e+002	1.287361e-001	
1.582000e-002	1.343000e-001	6.627000e-002	2.341000e-001	7.983000e-002	2.215000e-001	6.264000e-002	1.488000e-001	3.680000e-002	
1090	2.970162e+003	2.932448e+003	3.308548e+002	1.323419e-001	
1.573000e-002	1.335000e-001	6.597000e-002	2.334000e-001	7.974000e-002	2.217000e-001	6.289000e-002	1.499000e-001	3.720000e-002	
1100	2.999458e+003	2.962214e+003	3.400362e+002	1.360145e-001	
1.562000e-002	1.327000e-001	6.562000e-002	2.325000e-001	7.963000e-002	2.220000e-001	6.318000e-002	1.511000e-001	3.766000e-002	
1110	3.025722e+003	2.988892e+003	3.493859e+002	1.397544e-001	
1.552000e-002	1.319000e-001	6.531000e-002	2.318000e-001	7.953000e-002	2.223000e-001	6.343000e-002	1.522000e-001	3.807000e-002	
1120	3.052597e+003	3.016184e+003	3.589054e+002	1.435622e-001	
1.542000e-002	1.311000e-001	6.501000e-002	2.311000e-001	7.943000e-002	2.225000e-001	6.368000e-002	1.533000e-001	3.848000e-002	
1130	3.080109e+003	3.044113e+003	3.685963e+002	1.474385e-001	
1.532000e-002	1.304000e-001	6.470000e-002	2.303000e-001	7.933000e-002	2.228000e-001	6.394000e-002	1.544000e-001	3.890000e-002	
1140	3.108281e+003	3.072704e+003	3.784601e+002	1.513840e-001	
1.522000e-002	1.296000e-001	6.439000e-002	2.295000e-001	7.922000e-002	2.230000e-001	6.419000e-002	1.555000e-001	3.933000e-002	
1150	3.132974e+003	3.097757e+003	3.884983e+002	1.553993e-001	
1.514000e-002	1.289000e-001	6.412000e-002	2.289000e-001	7.913000e-002	2.232000e-001	6.441000e-002	1.565000e-001	3.970000e-002	
1160	3.162443e+003	3.127648e+003	3.987125e+002	1.594850e-001	
1.504000e-002	1.282000e-001	6.380000e-002	2.281000e-001	7.902000e-002	2.234000e-001	6.467000e-002	1.576000e-001	4.014000e-002	
1170	3.188290e+003	3.153858e+003	4.091041e+002	1.636417e-001	
1.496000e-002	1.275000e-001	6.353000e-002	2.274000e-001	7.893000e-002	2.236000e-001	6.489000e-002	1.586000e-001	4.052000e-002	
1180	3.214700e+003	3.180632e+003	4.196748e+002	1.678699e-001	
1.487000e-002	1.268000e-001	6.326000e-002	2.268000e-001	7.883000e-002	2.238000e-001	6.511000e-002	1.596000e-001	4.090000e-002	
1190	3.241692e+003	3.207990e+003	4.304260e+002	1.721704e-001	
1.479000e-002	1.262000e-001	6.298000e-002	2.261000e-001	7.873000e-002	2.240000e-001	6.533000e-002	1.606000e-001	4.129000e-002	
1200	3.269289e+003	3.235953e+003	4.413592e+002	1.765437e-001	
1.470000e-002	1.255000e-001	6.271000e-002	2.254000e-001	7.863000e-002	2.242000e-001	6.555000e-002	1.616000e-001	4.169000e-002	
1210	3.297513e+003	3.264545e+003	4.524761e+002	1.809904e-001	
1.461000e-002	1.248000e-001	6.243000e-002	2.247000e-001	7.853000e-002	2.244000e-001	6.578000e-002	1.626000e-001	4.209000e-002	
1220	3.326386e+003	3.293788e+003	4.637780e+002	1.855112e-001	
1.453000e-002	1.241000e-001	6.215000e-002	2.240000e-001	7.842000e-002	2.246000e-001	6.600000e-002	1.637000e-001	4.250000e-002	
1230	3.350963e+003	3.318673e+003	4.752667e+002	1.901067e-001	
1.446000e-002	1.236000e-001	6.192000e-002	2.234000e-001	7.834000e-002	2.247000e-001	6.619000e-002	1.645000e-001	4.284000e-002	
1240	3.381094e+003	3.349176e+003	4.869435e+002	1.947774e-001	
1.437000e-002	1.229000e-001	6.164000e-002	2.227000e-001	7.823000e-002	2.249000e-001	6.641000e-002	1.656000e-001	4.326000e-002	
1250	3.406756e+003	3.375148e+003	4.988100e+002	1.995240e-001	
1.430000e-002	1.223000e-001	6.140000e-002	2.221000e-001	7.814000e-002	2.251000e-001	6.660000e-002	1.665000e-001	4.361000e-002	
1260	3.432937e+003	3.401641e+003	5.108677e+002	2.043471e-001	
1.423000e-002	1.218000e-001	6.117000e-002	2.215000e-001	7.804000e-002	2.252000e-001	6.679000e-002	1.673000e-001	4.396000e-002	
1270	3.459655e+003	3.428672e+003	5.231182e+002	2.092473e-001	
1.415000e-002	1.212000e-001	6.093000e-002	2.209000e-001	7.795000e-002	2.254000e-001	6.698000e-002	1.682000e-001	4.432000e-002	
1280	3.486928e+003	3.456258e+003	5.355630e+002	2.142252e-001	
1.408000e-002	1.206000e-001	6.069000e-002	2.203000e-001	7.785000e-002	2.255000e-001	6.717000e-002	1.691000e-001	4.468000e-002	
1290	3.514776e+003	3.484421e+003	5.482036e+002	2.192815e-001	
1.401000e-002	1.200000e-001	6.045000e-002	2.197000e-001	7.775000e-002	2.256000e-001	6.736000e-002	1.700000e-001	4.505000e-002	
1300	3.543218e+003	3.513178e+003	5.610416e+002	2.244166e-001	
1.393000e-002	1.195000e-001	6.021000e-002	2.190000e-001	7.766000e-002	2.258000e-001	6.755000e-002	1.710000e-001	4.542000e-002	
1310	3.572276e+003	3.542552e+003	5.740785e+002	2.296314e-001	
1.386000e-002	1.189000e-001	5.996000e-002	2.184000e-001	7.755000e-002	2.259000e-001	6.774000e-002	1.719000e-001	4.580000e-002	
1320	3.595979e+003	3.566509e+003	5.873157e+002	2.349263e-001	
1.380000e-002	1.184000e-001	5.977000e-002	2.179000e-001	7.747000e-002	2.260000e-001	6.790000e-002	1.726000e-001	4.610000e-002	
1330	3.626201e+003	3.597049e+003	6.007549e+002	2.403020e-001	
1.373000e-002	1.178000e-001	5.953000e-002	2.173000e-001	7.737000e-002	2.261000e-001	6.809000e-002	1.735000e-001	4.649000e-002	
1340	3.650867e+003	3.621970e+003	6.143976e+002	2.457590e-001	
1.367000e-002	1.174000e-001	5.933000e-002	2.168000e-001	7.729000e-002	2.262000e-001	6.825000e-002	1.743000e-001	4.680000e-002	
1350	3.675981e+003	3.647340e+003	6.282453e+002	2.512981e-001	
1.361000e-002	1.169000e-001	5.913000e-002	2.163000e-001	7.720000e-002	2.263000e-001	6.840000e-002	1.751000e-001	4.711000e-002	
1360	3.708024e+003	3.679704e+003	6.422995e+002	2.569198e-001	
1.354000e-002	1.163000e-001	5.888000e-002	2.156000e-001	7.709000e-002	2.265000e-001	6.859000e-002	1.760000e-001	4.751000e-002	
1370	3.734196e+003	3.706134e+003	6.565617e+002	2.626247e-001	
1.348000e-002	1.158000e-001	5.868000e-002	2.151000e-001	7.701000e-002	2.265000e-001	6.875000e-002	1.768000e-001	4.783000e-002	
1380	3.760863e+003	3.733058e+003	6.710335e+002	2.684134e-001	
1.342000e-002	1.154000e-001	5.848000e-002	2.146000e-001	7.692000e-002	2.266000e-001	6.891000e-002	1.776000e-001	4.815000e-002	
1390	3.788039e+003	3.760493e+003	6.857165e+002	2.742866e-001	
1.336000e-002	1.149000e-001	5.828000e-002	2.140000e-001	7.683000e-002	2.267000e-001	6.906000e-002	1.783000e-001	4.848000e-002	
1400	3.815741e+003	3.788454e+003	7.006120e+002	2.802448e-001	
1.330000e-002	1.144000e-001	5.808000e-002	2.135000e-001	7.674000e-002	2.268000e-001	6.922000e-002	1.791000e-001	4.881000e-002	
1410	3.843985e+003	3.816959e+003	7.157218e+002	2.862887e-001	
1.324000e-002	1.139000e-001	5.788000e-002	2.130000e-001	7.664000e-002	2.269000e-001	6.938000e-002	1.799000e-001	4.914000e-002	
1420	3.872790e+003	3.846024e+003	7.310472e+002	2.924189e-001	
1.318000e-002	1.135000e-001	5.768000e-002	2.124000e-001	7.655000e-002	2.270000e-001	6.953000e-002	1.807000e-001	4.948000e-002	
1430	3.894772e+003	3.868202e+003	7.465899e+002	2.986359e-001	
1.313000e-002	1.131000e-001	5.752000e-002	2.120000e-001	7.648000e-002	2.270000e-001	6.965000e-002	1.813000e-001	4.973000e-002	
1440	3.924601e+003	3.898294e+003	7.623513e+002	3.049405e-001	
1.307000e-002	1.126000e-001	5.732000e-002	2.115000e-001	7.639000e-002	2.271000e-001	6.981000e-002	1.821000e-001	5.008000e-002	
1450	3.947375e+003	3.921264e+003	7.783330e+002	3.113332e-001	
1.303000e-002	1.123000e-001	5.716000e-002	2.111000e-001	7.631000e-002	2.272000e-001	6.993000e-002	1.827000e-001	5.033000e-002	
1460	3.978290e+003	3.952444e+003	7.945365e+002	3.178146e-001	
1.297000e-002	1.118000e-001	5.696000e-002	2.105000e-001	7.622000e-002	2.273000e-001	7.009000e-002	1.835000e-001	5.068000e-002	
1470	4.001903e+003	3.976254e+003	8.109633e+002	3.243853e-001	
1.292000e-002	1.114000e-001	5.680000e-002	2.101000e-001	7.614000e-002	2.273000e-001	7.021000e-002	1.841000e-001	5.095000e-002	
1480	4.033971e+003	4.008587e+003	8.276150e+002	3.310460e-001	
1.286000e-002	1.109000e-001	5.659000e-002	2.096000e-001	7.604000e-002	2.274000e-001	7.036000e-002	1.850000e-001	5.130000e-002	
1490	4.062597e+003	4.037445e+003	8.444931e+002	3.377973e-001	
1.281000e-002	1.105000e-001	5.641000e-002	2.091000e-001	7.595000e-002	2.275000e-001	7.050000e-002	1.857000e-001	5.162000e-002	
1500	4.087566e+003	4.062614e+003	8.615992e+002	3.446397e-001	
1.276000e-002	1.101000e-001	5.625000e-002	2.086000e-001	7.588000e-002	2.275000e-001	7.062000e-002	1.863000e-001	5.189000e-002	
1510	4.117218e+003	4.092499e+003	8.789346e+002	3.515739e-001	
1.271000e-002	1.097000e-001	5.607000e-002	2.081000e-001	7.579000e-002	2.276000e-001	7.076000e-002	1.870000e-001	5.221000e-002	
1520	4.143093e+003	4.118574e+003	8.965011e+002	3.586004e-001	
1.266000e-002	1.093000e-001	5.591000e-002	2.077000e-001	7.571000e-002	2.276000e-001	7.088000e-002	1.877000e-001	5.248000e-002	
1530	4.169404e+003	4.145086e+003	9.143001e+002	3.657200e-001	
1.262000e-002	1.090000e-001	5.575000e-002	2.073000e-001	7.563000e-002	2.277000e-001	7.101000e-002	1.883000e-001	5.276000e-002	
1540	4.196163e+003	4.172047e+003	9.323331e+002	3.729332e-001	
1.257000e-002	1.086000e-001	5.559000e-002	2.069000e-001	7.555000e-002	2.277000e-001	7.113000e-002	1.890000e-001	5.304000e-002	
1550	4.223384e+003	4.199469e+003	9.506017e+002	3.802407e-001	
1.252000e-002	1.082000e-001	5.543000e-002	2.064000e-001	7.547000e-002	2.278000e-001	7.125000e-002	1.896000e-001	5.333000e-002	
1560	4.251078e+003	4.227366e+003	9.691074e+002	3.876429e-001	
1.248000e-002	1.078000e-001	5.527000e-002	2.060000e-001	7.539000e-002	2.278000e-001	7.137000e-002	1.903000e-001	5.361000e-002	
1570	4.279261e+003	4.255751e+003	9.878517e+002	3.951407e-001	
1.243000e-002	1.075000e-001	5.511000e-002	2.055000e-001	7.531000e-002	2.278000e-001	7.149000e-002	1.909000e-001	5.390000e-002	
1580	4.307946e+003	4.284639e+003	1.006836e+003	4.027345e-001	
1.238000e-002	1.071000e-001	5.495000e-002	2.051000e-001	7.523000e-002	2.279000e-001	7.161000e-002	1.916000e-001	5.419000e-002	
1590	4.332244e+003	4.309107e+003	1.026062e+003	4.104249e-001	
1.234000e-002	1.068000e-001	5.481000e-002	2.047000e-001	7.516000e-002	2.279000e-001	7.171000e-002	1.921000e-001	5.443000e-002	
1600	4.361888e+003	4.338956e+003	1.045532e+003	4.182127e-001	
1.230000e-002	1.064000e-001	5.465000e-002	2.043000e-001	7.507000e-002	2.280000e-001	7.184000e-002	1.928000e-001	5.473000e-002	
1610	4.387008e+003	4.364246e+003	1.065246e+003	4.260983e-001	
1.226000e-002	1.061000e-001	5.451000e-002	2.039000e-001	7.500000e-002	2.280000e-001	7.194000e-002	1.933000e-001	5.498000e-002	
1620	4.417666e+003	4.395109e+003	1.085206e+003	4.340824e-001	
1.221000e-002	1.057000e-001	5.435000e-002	2.035000e-001	7.492000e-002	2.280000e-001	7.206000e-002	1.940000e-001	5.527000e-002	
1630	4.443654e+003	4.421268e+003	1.105414e+003	4.421657e-001	
1.217000e-002	1.054000e-001	5.421000e-002	2.031000e-001	7.485000e-002	2.281000e-001	7.216000e-002	1.946000e-001	5.553000e-002	
1640	4.470053e+003	4.447838e+003	1.125872e+003	4.503487e-001	
1.213000e-002	1.051000e-001	5.407000e-002	2.027000e-001	7.477000e-002	2.281000e-001	7.227000e-002	1.951000e-001	5.578000e-002	
1650	4.496874e+003	4.474831e+003	1.146580e+003	4.586320e-001	
1.209000e-002	1.048000e-001	5.393000e-002	2.023000e-001	7.470000e-002	2.281000e-001	7.237000e-002	1.957000e-001	5.604000e-002	
1660	4.524127e+003	4.502257e+003	1.167541e+003	4.670163e-001	
1.205000e-002	1.044000e-001	5.379000e-002	2.019000e-001	7.463000e-002	2.281000e-001	7.247000e-002	1.963000e-001	5.629000e-002	
1670	4.551825e+003	4.530128e+003	1.188755e+003	4.755022e-001	
1.201000e-002	1.041000e-001	5.365000e-002	2.016000e-001	7.455000e-002	2.282000e-001	7.257000e-002	1.968000e-001	5.655000e-002	
1680	4.579980e+003	4.558456e+003	1.210226e+003	4.840902e-001	
1.197000e-002	1.038000e-001	5.351000e-002	2.012000e-001	7.448000e-002	2.282000e-001	7.268000e-002	1.974000e-001	5.681000e-002	
1690	4.608604e+003	4.587253e+003	1.231953e+003	4.927811e-001	
1.193000e-002	1.035000e-001	5.337000e-002	2.008000e-001	7.440000e-002	2.282000e-001	7.278000e-002	1.980000e-001	5.708000e-002	
1700	4.631849e+003	4.610637e+003	1.253938e+003	5.015753e-001	
1.190000e-002	1.032000e-001	5.326000e-002	2.005000e-001	7.434000e-002	2.282000e-001	7.286000e-002	1.984000e-001	5.729000e-002	
1710	4.661350e+003	4.640312e+003	1.276184e+003	5.104735e-001	
1.186000e-002	1.029000e-001	5.312000e-002	2.001000e-001	7.426000e-002	2.282000e-001	7.297000e-002	1.990000e-001	5.755000e-002	
1720	4.685315e+003	4.664417e+003	1.298691e+003	5.194764e-001	
1.183000e-002	1.026000e-001	5.300000e-002	1.998000e-001	7.420000e-002	2.283000e-001	7.305000e-002	1.995000e-001	5.777000e-002	
1730	4.715739e+003	4.695015e+003	1.321461e+003	5.285845e-001	
1.179000e-002	1.023000e-001	5.286000e-002	1.994000e-001	7.412000e-002	2.283000e-001	7.316000e-002	2.001000e-001	5.804000e-002	
1740	4.740460e+003	4.719876e+003	1.344496e+003	5.377984e-001	
1.176000e-002	1.021000e-001	5.275000e-002	1.990000e-001	7.406000e-002	2.283000e-001	7.324000e-002	2.006000e-001	5.826000e-002	
1750	4.771854e+003	4.751446e+003	1.367797e+003	5.471188e-001	
1.172000e-002	1.017000e-001	5.260000e-002	1.986000e-001	7.398000e-002	2.283000e-001	7.334000e-002	2.012000e-001	5.853000e-002	
1760	4.797372e+003	4.777105e+003	1.391366e+003	5.565462e-001	
1.168000e-002	1.015000e-001	5.249000e-002	1.983000e-001	7.392000e-002	2.283000e-001	7.343000e-002	2.016000e-001	5.875000e-002	
1770	4.823258e+003	4.803132e+003	1.415203e+003	5.660814e-001	
1.165000e-002	1.012000e-001	5.237000e-002	1.980000e-001	7.385000e-002	2.283000e-001	7.351000e-002	2.021000e-001	5.897000e-002	
1780	4.849521e+003	4.829535e+003	1.439312e+003	5.757248e-001	
1.162000e-002	1.009000e-001	5.226000e-002	1.977000e-001	7.379000e-002	2.283000e-001	7.359000e-002	2.026000e-001	5.920000e-002	
1790	4.876169e+003	4.856325e+003	1.463693e+003	5.854771e-001	
1.159000e-002	1.007000e-001	5.214000e-002	1.974000e-001	7.372000e-002	2.283000e-001	7.368000e-002	2.031000e-001	5.942000e-002	
1800	4.903212e+003	4.883510e+003	1.488347e+003	5.953390e-001	
1.155000e-002	1.004000e-001	5.203000e-002	1.970000e-001	7.366000e-002	2.284000e-001	7.376000e-002	2.036000e-001	5.965000e-002	
1810	4.930660e+003	4.911100e+003	1.513277e+003	6.053110e-001	
1.152000e-002	1.001000e-001	5.191000e-002	1.967000e-001	7.359000e-002	2.284000e-001	7.385000e-002	2.041000e-001	5.988000e-002	
1820	4.958522e+003	4.939104e+003	1.538484e+003	6.153937e-001	
1.149000e-002	9.988000e-002	5.179000e-002	1.964000e-001	7.352000e-002	2.284000e-001	7.393000e-002	2.045000e-001	6.011000e-002	
1830	4.986810e+003	4.967534e+003	1.563969e+003	6.255877e-001	
1.145000e-002	9.961000e-002	5.167000e-002	1.960000e-001	7.346000e-002	2.284000e-001	7.402000e-002	2.050000e-001	6.034000e-002	
1840	5.015533e+003	4.996401e+003	1.589734e+003	6.358937e-001	
1.142000e-002	9.935000e-002	5.156000e-002	1.957000e-001	7.339000e-002	2.284000e-001	7.410000e-002	2.055000e-001	6.057000e-002	
1850	5.044704e+003	5.025714e+003	1.615781e+003	6.463123e-001	
1.139000e-002	9.908000e-002	5.144000e-002	1.954000e-001	7.332000e-002	2.284000e-001	7.419000e-002	2.060000e-001	6.081000e-002	
1860	5.066882e+003	5.048000e+003	1.642110e+003	6.568441e-001	
1.136000e-002	9.888000e-002	5.135000e-002	1.951000e-001	7.327000e-002	2.284000e-001	7.425000e-002	2.064000e-001	6.098000e-002	
1870	5.096862e+003	5.078124e+003	1.668724e+003	6.674897e-001	
1.133000e-002	9.861000e-002	5.123000e-002	1.948000e-001	7.320000e-002	2.284000e-001	7.433000e-002	2.069000e-001	6.122000e-002	
1880	5.119662e+003	5.101032e+003	1.695624e+003	6.782496e-001	
1.131000e-002	9.841000e-002	5.114000e-002	1.945000e-001	7.315000e-002	2.284000e-001	7.440000e-002	2.073000e-001	6.140000e-002	
1890	5.150491e+003	5.132004e+003	1.722812e+003	6.891246e-001	
1.127000e-002	9.813000e-002	5.102000e-002	1.942000e-001	7.308000e-002	2.284000e-001	7.448000e-002	2.078000e-001	6.164000e-002	
1900	5.173941e+003	5.155563e+003	1.750288e+003	7.001152e-001	
1.125000e-002	9.793000e-002	5.093000e-002	1.939000e-001	7.302000e-002	2.284000e-001	7.455000e-002	2.082000e-001	6.182000e-002	
1910	5.205658e+003	5.187424e+003	1.778055e+003	7.112221e-001	
1.121000e-002	9.766000e-002	5.081000e-002	1.936000e-001	7.295000e-002	2.284000e-001	7.463000e-002	2.087000e-001	6.206000e-002	
1920	5.229790e+003	5.211665e+003	1.806115e+003	7.224458e-001	
1.119000e-002	9.746000e-002	5.072000e-002	1.933000e-001	7.290000e-002	2.284000e-001	7.470000e-002	2.091000e-001	6.225000e-002	
1930	5.262437e+003	5.244458e+003	1.834467e+003	7.337870e-001	
1.115000e-002	9.718000e-002	5.060000e-002	1.930000e-001	7.283000e-002	2.284000e-001	7.478000e-002	2.096000e-001	6.249000e-002	
1940	5.287284e+003	5.269414e+003	1.863116e+003	7.452462e-001	
1.113000e-002	9.698000e-002	5.051000e-002	1.927000e-001	7.277000e-002	2.284000e-001	7.485000e-002	2.100000e-001	6.268000e-002	
1950	5.312448e+003	5.294687e+003	1.892060e+003	7.568242e-001	
1.110000e-002	9.677000e-002	5.042000e-002	1.925000e-001	7.272000e-002	2.284000e-001	7.491000e-002	2.104000e-001	6.287000e-002	
1960	5.337936e+003	5.320285e+003	1.921303e+003	7.685214e-001	
1.108000e-002	9.657000e-002	5.032000e-002	1.922000e-001	7.266000e-002	2.284000e-001	7.498000e-002	2.108000e-001	6.305000e-002	
1970	5.363755e+003	5.346213e+003	1.950846e+003	7.803385e-001	
1.105000e-002	9.636000e-002	5.023000e-002	1.919000e-001	7.261000e-002	2.284000e-001	7.504000e-002	2.112000e-001	6.324000e-002	
1980	5.398707e+003	5.381312e+003	1.980690e+003	7.922762e-001	
1.102000e-002	9.608000e-002	5.011000e-002	1.916000e-001	7.254000e-002	2.284000e-001	7.513000e-002	2.117000e-001	6.349000e-002	
1990	5.425326e+003	5.408041e+003	2.010837e+003	8.043350e-001	
1.099000e-002	9.588000e-002	5.002000e-002	1.913000e-001	7.248000e-002	2.284000e-001	7.519000e-002	2.121000e-001	6.369000e-002	
2000	5.452299e+003	5.435125e+003	2.041289e+003	8.165155e-001	
1.097000e-002	9.567000e-002	4.992000e-002	1.911000e-001	7.242000e-002	2.284000e-001	7.526000e-002	2.125000e-001	6.388000e-002	
2010	5.479637e+003	5.462572e+003	2.072046e+003	8.288184e-001	
1.094000e-002	9.546000e-002	4.983000e-002	1.908000e-001	7.237000e-002	2.283000e-001	7.532000e-002	2.129000e-001	6.407000e-002	
2020	5.507345e+003	5.490391e+003	2.103111e+003	8.412443e-001	
1.092000e-002	9.525000e-002	4.974000e-002	1.905000e-001	7.231000e-002	2.283000e-001	7.539000e-002	2.133000e-001	6.427000e-002	
2030	5.535433e+003	5.518590e+003	2.134484e+003	8.537937e-001	
1.089000e-002	9.504000e-002	4.964000e-002	1.903000e-001	7.225000e-002	2.283000e-001	7.545000e-002	2.137000e-001	6.446000e-002	
2040	5.554373e+003	5.537605e+003	2.166168e+003	8.664673e-001	
1.087000e-002	9.490000e-002	4.958000e-002	1.901000e-001	7.221000e-002	2.283000e-001	7.550000e-002	2.139000e-001	6.459000e-002	
2050	5.583113e+003	5.566456e+003	2.198164e+003	8.792658e-001	
1.085000e-002	9.469000e-002	4.949000e-002	1.898000e-001	7.216000e-002	2.283000e-001	7.556000e-002	2.144000e-001	6.479000e-002	
2060	5.612257e+003	5.595710e+003	2.230474e+003	8.921896e-001	
1.082000e-002	9.448000e-002	4.939000e-002	1.895000e-001	7.210000e-002	2.283000e-001	7.563000e-002	2.148000e-001	6.499000e-002	
2070	5.641812e+003	5.625378e+003	2.263099e+003	9.052395e-001	
1.080000e-002	9.427000e-002	4.930000e-002	1.893000e-001	7.204000e-002	2.283000e-001	7.569000e-002	2.152000e-001	6.519000e-002	
2080	5.661750e+003	5.645390e+003	2.296040e+003	9.184160e-001	
1.078000e-002	9.413000e-002	4.923000e-002	1.891000e-001	7.200000e-002	2.283000e-001	7.574000e-002	2.154000e-001	6.532000e-002	
2090	5.692016e+003	5.675768e+003	2.329299e+003	9.317197e-001	
1.075000e-002	9.391000e-002	4.914000e-002	1.888000e-001	7.194000e-002	2.283000e-001	7.580000e-002	2.159000e-001	6.552000e-002	
2100	5.722720e+003	5.706584e+003	2.362878e+003	9.451513e-001	
1.073000e-002	9.370000e-002	4.904000e-002	1.885000e-001	7.188000e-002	2.283000e-001	7.587000e-002	2.163000e-001	6.573000e-002	
2110	5.743439e+003	5.727378e+003	2.396778e+003	9.587114e-001	
1.071000e-002	9.356000e-002	4.898000e-002	1.883000e-001	7.184000e-002	2.283000e-001	7.591000e-002	2.165000e-001	6.586000e-002	
2120	5.774900e+003	5.758951e+003	2.431001e+003	9.724005e-001	
1.068000e-002	9.334000e-002	4.888000e-002	1.881000e-001	7.178000e-002	2.282000e-001	7.598000e-002	2.170000e-001	6.607000e-002	
2130	5.806828e+003	5.790993e+003	2.465548e+003	9.862194e-001	
1.066000e-002	9.313000e-002	4.879000e-002	1.878000e-001	7.172000e-002	2.282000e-001	7.604000e-002	2.174000e-001	6.627000e-002	
2140	5.828380e+003	5.812619e+003	2.500421e+003	1.000169e+000	
1.064000e-002	9.299000e-002	4.872000e-002	1.876000e-001	7.168000e-002	2.282000e-001	7.609000e-002	2.177000e-001	6.641000e-002	
2150	5.861115e+003	5.845467e+003	2.535621e+003	1.014249e+000	
1.061000e-002	9.277000e-002	4.863000e-002	1.873000e-001	7.162000e-002	2.282000e-001	7.615000e-002	2.181000e-001	6.662000e-002	
2160	5.883215e+003	5.867643e+003	2.571150e+003	1.028460e+000	
1.060000e-002	9.263000e-002	4.856000e-002	1.871000e-001	7.158000e-002	2.282000e-001	7.620000e-002	2.184000e-001	6.676000e-002	
2170	5.916791e+003	5.901332e+003	2.607010e+003	1.042804e+000	
1.057000e-002	9.241000e-002	4.846000e-002	1.868000e-001	7.152000e-002	2.282000e-001	7.626000e-002	2.188000e-001	6.697000e-002	
2180	5.939463e+003	5.924080e+003	2.643201e+003	1.057280e+000	
1.055000e-002	9.227000e-002	4.840000e-002	1.867000e-001	7.148000e-002	2.282000e-001	7.631000e-002	2.191000e-001	6.711000e-002	
2190	5.962371e+003	5.947064e+003	2.679726e+003	1.071890e+000	
1.053000e-002	9.212000e-002	4.833000e-002	1.865000e-001	7.143000e-002	2.282000e-001	7.635000e-002	2.194000e-001	6.725000e-002	
2200	5.997184e+003	5.981991e+003	2.716585e+003	1.086634e+000	
1.051000e-002	9.190000e-002	4.824000e-002	1.862000e-001	7.137000e-002	2.281000e-001	7.642000e-002	2.198000e-001	6.746000e-002	
2210	6.020700e+003	6.005583e+003	2.753781e+003	1.101512e+000	
1.049000e-002	9.176000e-002	4.817000e-002	1.860000e-001	7.133000e-002	2.281000e-001	7.646000e-002	2.201000e-001	6.761000e-002	
2220	6.044465e+003	6.029425e+003	2.791315e+003	1.116526e+000	
1.047000e-002	9.161000e-002	4.811000e-002	1.858000e-001	7.129000e-002	2.281000e-001	7.651000e-002	2.204000e-001	6.775000e-002	
2230	6.068486e+003	6.053522e+003	2.829189e+003	1.131675e+000	
1.045000e-002	9.147000e-002	4.804000e-002	1.856000e-001	7.124000e-002	2.281000e-001	7.655000e-002	2.206000e-001	6.789000e-002	
2240	6.105004e+003	6.090155e+003	2.867403e+003	1.146961e+000	
1.043000e-002	9.125000e-002	4.794000e-002	1.853000e-001	7.118000e-002	2.281000e-001	7.662000e-002	2.211000e-001	6.811000e-002	
2250	6.129681e+003	6.114909e+003	2.905960e+003	1.162384e+000	
1.041000e-002	9.110000e-002	4.787000e-002	1.851000e-001	7.114000e-002	2.281000e-001	7.667000e-002	2.214000e-001	6.826000e-002	
2260	6.160910e+003	6.146233e+003	2.944862e+003	1.177945e+000	
1.039000e-002	9.092000e-002	4.779000e-002	1.849000e-001	7.108000e-002	2.281000e-001	7.672000e-002	2.217000e-001	6.844000e-002	
2270	6.186204e+003	6.171605e+003	2.984108e+003	1.193643e+000	
1.037000e-002	9.077000e-002	4.772000e-002	1.847000e-001	7.104000e-002	2.280000e-001	7.677000e-002	2.220000e-001	6.859000e-002	
2280	6.211781e+003	6.197258e+003	3.023702e+003	1.209481e+000	
1.035000e-002	9.062000e-002	4.766000e-002	1.845000e-001	7.100000e-002	2.280000e-001	7.681000e-002	2.223000e-001	6.874000e-002	
2290	6.237645e+003	6.223200e+003	3.063645e+003	1.225458e+000	
1.033000e-002	9.047000e-002	4.759000e-002	1.843000e-001	7.095000e-002	2.280000e-001	7.686000e-002	2.226000e-001	6.888000e-002	
2300	6.270389e+003	6.256039e+003	3.103938e+003	1.241575e+000	
1.031000e-002	9.029000e-002	4.751000e-002	1.840000e-001	7.090000e-002	2.280000e-001	7.691000e-002	2.230000e-001	6.907000e-002	
2310	6.296920e+003	6.282648e+003	3.144583e+003	1.257833e+000	
1.029000e-002	9.014000e-002	4.744000e-002	1.838000e-001	7.085000e-002	2.280000e-001	7.696000e-002	2.233000e-001	6.922000e-002	
2320	6.323757e+003	6.309563e+003	3.185581e+003	1.274232e+000	
1.027000e-002	8.999000e-002	4.737000e-002	1.836000e-001	7.081000e-002	2.280000e-001	7.700000e-002	2.236000e-001	6.937000e-002	
2330	6.350905e+003	6.336788e+003	3.226933e+003	1.290773e+000	
1.025000e-002	8.984000e-002	4.730000e-002	1.834000e-001	7.076000e-002	2.279000e-001	7.705000e-002	2.239000e-001	6.952000e-002	
2340	6.378371e+003	6.364332e+003	3.268643e+003	1.307457e+000	
1.024000e-002	8.969000e-002	4.724000e-002	1.832000e-001	7.072000e-002	2.279000e-001	7.709000e-002	2.242000e-001	6.967000e-002	
2350	6.406160e+003	6.392199e+003	3.310710e+003	1.324284e+000	
1.022000e-002	8.954000e-002	4.717000e-002	1.830000e-001	7.068000e-002	2.279000e-001	7.714000e-002	2.245000e-001	6.983000e-002	
2360	6.434279e+003	6.420396e+003	3.353136e+003	1.341254e+000	
1.020000e-002	8.939000e-002	4.710000e-002	1.828000e-001	7.063000e-002	2.279000e-001	7.718000e-002	2.248000e-001	6.998000e-002	
2370	6.455589e+003	6.441764e+003	3.395923e+003	1.358369e+000	
1.019000e-002	8.928000e-002	4.705000e-002	1.827000e-001	7.060000e-002	2.279000e-001	7.722000e-002	2.250000e-001	7.010000e-002	
2380	6.484301e+003	6.470555e+003	3.439073e+003	1.375629e+000	
1.017000e-002	8.913000e-002	4.698000e-002	1.825000e-001	7.055000e-002	2.279000e-001	7.726000e-002	2.253000e-001	7.025000e-002	
2390	6.513362e+003	6.499694e+003	3.482587e+003	1.393035e+000	
1.015000e-002	8.897000e-002	4.691000e-002	1.823000e-001	7.050000e-002	2.278000e-001	7.731000e-002	2.256000e-001	7.041000e-002	
2400	6.542777e+003	6.529188e+003	3.526466e+003	1.410586e+000	
1.013000e-002	8.882000e-002	4.684000e-002	1.821000e-001	7.046000e-002	2.278000e-001	7.735000e-002	2.259000e-001	7.056000e-002	
2410	6.565076e+003	6.551546e+003	3.570712e+003	1.428285e+000	
1.012000e-002	8.871000e-002	4.679000e-002	1.819000e-001	7.042000e-002	2.278000e-001	7.739000e-002	2.262000e-001	7.068000e-002	
2420	6.595131e+003	6.581679e+003	3.615327e+003	1.446131e+000	
1.010000e-002	8.856000e-002	4.672000e-002	1.817000e-001	7.038000e-002	2.278000e-001	7.743000e-002	2.265000e-001	7.084000e-002	
2430	6.625561e+003	6.612188e+003	3.660312e+003	1.464125e+000	
1.008000e-002	8.840000e-002	4.665000e-002	1.815000e-001	7.033000e-002	2.278000e-001	7.748000e-002	2.268000e-001	7.100000e-002	
2440	6.648635e+003	6.635321e+003	3.705668e+003	1.482267e+000	
1.007000e-002	8.829000e-002	4.660000e-002	1.814000e-001	7.030000e-002	2.277000e-001	7.751000e-002	2.270000e-001	7.112000e-002	
2450	6.679741e+003	6.666506e+003	3.751398e+003	1.500559e+000	
1.005000e-002	8.814000e-002	4.653000e-002	1.812000e-001	7.025000e-002	2.277000e-001	7.756000e-002	2.273000e-001	7.127000e-002	
2460	6.703331e+003	6.690156e+003	3.797502e+003	1.519001e+000	
1.003000e-002	8.802000e-002	4.648000e-002	1.810000e-001	7.021000e-002	2.277000e-001	7.759000e-002	2.275000e-001	7.140000e-002	
2470	6.727148e+003	6.714032e+003	3.843983e+003	1.537593e+000	
1.002000e-002	8.791000e-002	4.643000e-002	1.809000e-001	7.018000e-002	2.277000e-001	7.763000e-002	2.278000e-001	7.152000e-002	
2480	6.759264e+003	6.746228e+003	3.890841e+003	1.556336e+000	
1.000000e-002	8.775000e-002	4.636000e-002	1.806000e-001	7.013000e-002	2.277000e-001	7.767000e-002	2.281000e-001	7.168000e-002	
2490	6.783626e+003	6.770649e+003	3.938079e+003	1.575231e+000	
9.986000e-003	8.764000e-002	4.630000e-002	1.805000e-001	7.009000e-002	2.277000e-001	7.771000e-002	2.283000e-001	7.180000e-002	
2500	6.808227e+003	6.795309e+003	3.985697e+003	1.594279e+000	
9.971000e-003	8.752000e-002	4.625000e-002	1.803000e-001	7.006000e-002	2.276000e-001	7.774000e-002	2.286000e-001	7.192000e-002	
2510	6.841408e+003	6.828570e+003	4.033698e+003	1.613479e+000	
9.953000e-003	8.736000e-002	4.618000e-002	1.801000e-001	7.001000e-002	2.276000e-001	7.779000e-002	2.289000e-001	7.208000e-002	
2520	6.866583e+003	6.853805e+003	4.082082e+003	1.632833e+000	
9.938000e-003	8.725000e-002	4.613000e-002	1.800000e-001	6.997000e-002	2.276000e-001	7.782000e-002	2.291000e-001	7.221000e-002	
2530	6.892011e+003	6.879293e+003	4.130852e+003	1.652341e+000	
9.924000e-003	8.713000e-002	4.607000e-002	1.798000e-001	6.994000e-002	2.276000e-001	7.786000e-002	2.294000e-001	7.233000e-002	
2540	6.917696e+003	6.905039e+003	4.180009e+003	1.672003e+000	
9.910000e-003	8.701000e-002	4.602000e-002	1.796000e-001	6.990000e-002	2.276000e-001	7.789000e-002	2.296000e-001	7.246000e-002	
2550	6.952351e+003	6.939774e+003	4.229554e+003	1.691822e+000	
9.891000e-003	8.686000e-002	4.595000e-002	1.794000e-001	6.985000e-002	2.275000e-001	7.794000e-002	2.299000e-001	7.262000e-002	
2560	6.978653e+003	6.966136e+003	4.279489e+003	1.711796e+000	
9.877000e-003	8.674000e-002	4.590000e-002	1.793000e-001	6.982000e-002	2.275000e-001	7.797000e-002	2.302000e-001	7.275000e-002	
2570	7.005228e+003	6.992771e+003	4.329816e+003	1.731926e+000	
9.862000e-003	8.662000e-002	4.584000e-002	1.791000e-001	6.978000e-002	2.275000e-001	7.801000e-002	2.304000e-001	7.287000e-002	
2580	7.032078e+003	7.019682e+003	4.380535e+003	1.752214e+000	
9.848000e-003	8.650000e-002	4.579000e-002	1.789000e-001	6.974000e-002	2.275000e-001	7.804000e-002	2.306000e-001	7.300000e-002	
2590	7.059210e+003	7.046875e+003	4.431650e+003	1.772660e+000	
9.833000e-003	8.639000e-002	4.573000e-002	1.788000e-001	6.970000e-002	2.275000e-001	7.808000e-002	2.309000e-001	7.313000e-002	
2600	7.086629e+003	7.074353e+003	4.483160e+003	1.793264e+000	
9.819000e-003	8.627000e-002	4.568000e-002	1.786000e-001	6.967000e-002	2.274000e-001	7.811000e-002	2.311000e-001	7.325000e-002	
2610	7.114338e+003	7.102124e+003	4.535068e+003	1.814027e+000	
9.805000e-003	8.615000e-002	4.563000e-002	1.785000e-001	6.963000e-002	2.274000e-001	7.815000e-002	2.314000e-001	7.338000e-002	
2620	7.142345e+003	7.130191e+003	4.587375e+003	1.834950e+000	
9.790000e-003	8.603000e-002	4.557000e-002	1.783000e-001	6.959000e-002	2.274000e-001	7.818000e-002	2.316000e-001	7.351000e-002	
2630	7.170652e+003	7.158559e+003	4.640083e+003	1.856033e+000	
9.776000e-003	8.591000e-002	4.552000e-002	1.781000e-001	6.955000e-002	2.274000e-001	7.822000e-002	2.319000e-001	7.364000e-002	
2640	7.189694e+003	7.177642e+003	4.693193e+003	1.877277e+000	
9.766000e-003	8.583000e-002	4.548000e-002	1.780000e-001	6.953000e-002	2.274000e-001	7.824000e-002	2.320000e-001	7.372000e-002	
2650	7.218517e+003	7.206525e+003	4.746706e+003	1.898683e+000	
9.751000e-003	8.571000e-002	4.543000e-002	1.779000e-001	6.949000e-002	2.273000e-001	7.828000e-002	2.323000e-001	7.385000e-002	
2660	7.247656e+003	7.235725e+003	4.800625e+003	1.920250e+000	
9.737000e-003	8.559000e-002	4.537000e-002	1.777000e-001	6.945000e-002	2.273000e-001	7.831000e-002	2.325000e-001	7.398000e-002	
2670	7.277117e+003	7.265248e+003	4.854951e+003	1.941980e+000	
9.722000e-003	8.547000e-002	4.532000e-002	1.775000e-001	6.941000e-002	2.273000e-001	7.835000e-002	2.328000e-001	7.412000e-002	
2680	7.306906e+003	7.295098e+003	4.909685e+003	1.963874e+000	
9.708000e-003	8.535000e-002	4.526000e-002	1.774000e-001	6.937000e-002	2.273000e-001	7.838000e-002	2.330000e-001	7.425000e-002	
2690	7.326950e+003	7.315184e+003	4.964829e+003	1.985932e+000	
9.698000e-003	8.527000e-002	4.522000e-002	1.773000e-001	6.935000e-002	2.273000e-001	7.841000e-002	2.332000e-001	7.433000e-002	
2700	7.357300e+003	7.345594e+003	5.020384e+003	2.008154e+000	
9.683000e-003	8.515000e-002	4.517000e-002	1.771000e-001	6.931000e-002	2.272000e-001	7.844000e-002	2.334000e-001	7.447000e-002	
2710	7.387994e+003	7.376350e+003	5.076352e+003	2.030541e+000	
9.668000e-003	8.503000e-002	4.511000e-002	1.769000e-001	6.927000e-002	2.272000e-001	7.848000e-002	2.337000e-001	7.460000e-002	
2720	7.408651e+003	7.397048e+003	5.132735e+003	2.053094e+000	
9.659000e-003	8.495000e-002	4.508000e-002	1.768000e-001	6.924000e-002	2.272000e-001	7.850000e-002	2.339000e-001	7.469000e-002	
2730	7.439934e+003	7.428393e+003	5.189533e+003	2.075813e+000	
9.644000e-003	8.483000e-002	4.502000e-002	1.766000e-001	6.920000e-002	2.272000e-001	7.854000e-002	2.341000e-001	7.482000e-002	
2740	7.460990e+003	7.449490e+003	5.246749e+003	2.098700e+000	
9.634000e-003	8.474000e-002	4.498000e-002	1.765000e-001	6.918000e-002	2.272000e-001	7.856000e-002	2.343000e-001	7.491000e-002	
2750	7.492880e+003	7.481442e+003	5.304384e+003	2.121754e+000	
9.619000e-003	8.462000e-002	4.493000e-002	1.764000e-001	6.914000e-002	2.271000e-001	7.860000e-002	2.345000e-001	7.505000e-002	
2760	7.514347e+003	7.502951e+003	5.362440e+003	2.144976e+000	
9.609000e-003	8.454000e-002	4.489000e-002	1.763000e-001	6.911000e-002	2.271000e-001	7.862000e-002	2.347000e-001	7.514000e-002	
2770	7.546865e+003	7.535531e+003	5.420917e+003	2.168367e+000	
9.594000e-003	8.442000e-002	4.483000e-002	1.761000e-001	6.907000e-002	2.271000e-001	7.865000e-002	2.350000e-001	7.527000e-002	
2780	7.568758e+003	7.557465e+003	5.479818e+003	2.191927e+000	
9.585000e-003	8.434000e-002	4.479000e-002	1.760000e-001	6.905000e-002	2.271000e-001	7.868000e-002	2.351000e-001	7.536000e-002	
2790	7.601924e+003	7.590693e+003	5.539145e+003	2.215658e+000	
9.570000e-003	8.421000e-002	4.474000e-002	1.758000e-001	6.901000e-002	2.271000e-001	7.871000e-002	2.354000e-001	7.550000e-002	
2800	7.624255e+003	7.613066e+003	5.598897e+003	2.239559e+000	
9.560000e-003	8.413000e-002	4.470000e-002	1.757000e-001	6.898000e-002	2.270000e-001	7.874000e-002	2.356000e-001	7.559000e-002	
2810	7.658091e+003	7.646964e+003	5.659079e+003	2.263631e+000	
9.545000e-003	8.401000e-002	4.464000e-002	1.755000e-001	6.894000e-002	2.270000e-001	7.877000e-002	2.358000e-001	7.573000e-002	
2820	7.680876e+003	7.669791e+003	5.719689e+003	2.287876e+000	
9.535000e-003	8.393000e-002	4.461000e-002	1.754000e-001	6.891000e-002	2.270000e-001	7.880000e-002	2.360000e-001	7.582000e-002	
2830	7.715404e+003	7.704381e+003	5.780731e+003	2.312293e+000	
9.520000e-003	8.380000e-002	4.455000e-002	1.752000e-001	6.887000e-002	2.270000e-001	7.883000e-002	2.363000e-001	7.596000e-002	
2840	7.738659e+003	7.727678e+003	5.842206e+003	2.336883e+000	
9.510000e-003	8.372000e-002	4.451000e-002	1.751000e-001	6.884000e-002	2.270000e-001	7.886000e-002	2.364000e-001	7.605000e-002	
2850	7.762106e+003	7.751167e+003	5.904115e+003	2.361646e+000	
9.500000e-003	8.364000e-002	4.447000e-002	1.750000e-001	6.882000e-002	2.269000e-001	7.888000e-002	2.366000e-001	7.615000e-002	
2860	7.797642e+003	7.786766e+003	5.966460e+003	2.386584e+000	
9.484000e-003	8.351000e-002	4.442000e-002	1.748000e-001	6.877000e-002	2.269000e-001	7.892000e-002	2.369000e-001	7.629000e-002	
2870	7.821582e+003	7.810747e+003	6.029243e+003	2.411697e+000	
9.474000e-003	8.343000e-002	4.438000e-002	1.747000e-001	6.875000e-002	2.269000e-001	7.894000e-002	2.370000e-001	7.638000e-002	
2880	7.845722e+003	7.834930e+003	6.092464e+003	2.436986e+000	
9.464000e-003	8.334000e-002	4.434000e-002	1.746000e-001	6.872000e-002	2.269000e-001	7.897000e-002	2.372000e-001	7.647000e-002	
2890	7.870068e+003	7.859317e+003	6.156125e+003	2.462450e+000	
9.454000e-003	8.326000e-002	4.430000e-002	1.745000e-001	6.869000e-002	2.269000e-001	7.899000e-002	2.374000e-001	7.657000e-002	
2900	7.894620e+003	7.883912e+003	6.220229e+003	2.488092e+000	
9.444000e-003	8.318000e-002	4.426000e-002	1.744000e-001	6.866000e-002	2.268000e-001	7.901000e-002	2.376000e-001	7.666000e-002	
2910	7.931844e+003	7.921199e+003	6.284776e+003	2.513910e+000	
9.429000e-003	8.305000e-002	4.420000e-002	1.742000e-001	6.862000e-002	2.268000e-001	7.905000e-002	2.378000e-001	7.681000e-002	
2920	7.956928e+003	7.946325e+003	6.349768e+003	2.539907e+000	
9.418000e-003	8.297000e-002	4.416000e-002	1.741000e-001	6.859000e-002	2.268000e-001	7.907000e-002	2.380000e-001	7.690000e-002	
2930	7.982229e+003	7.971669e+003	6.415207e+003	2.566083e+000	
9.408000e-003	8.288000e-002	4.413000e-002	1.739000e-001	6.856000e-002	2.268000e-001	7.910000e-002	2.382000e-001	7.700000e-002	
2940	8.007752e+003	7.997234e+003	6.481093e+003	2.592437e+000	
9.398000e-003	8.280000e-002	4.409000e-002	1.738000e-001	6.854000e-002	2.268000e-001	7.912000e-002	2.384000e-001	7.709000e-002	
2950	8.033499e+003	8.023023e+003	6.547429e+003	2.618972e+000	
9.388000e-003	8.271000e-002	4.405000e-002	1.737000e-001	6.851000e-002	2.267000e-001	7.915000e-002	2.386000e-001	7.719000e-002	
2960	8.059473e+003	8.049040e+003	6.614217e+003	2.645687e+000	
9.378000e-003	8.263000e-002	4.401000e-002	1.736000e-001	6.848000e-002	2.267000e-001	7.917000e-002	2.387000e-001	7.729000e-002	
2970	8.085678e+003	8.075287e+003	6.681456e+003	2.672583e+000	
9.367000e-003	8.254000e-002	4.397000e-002	1.735000e-001	6.845000e-002	2.267000e-001	7.919000e-002	2.389000e-001	7.738000e-002	
2980	8.112117e+003	8.101769e+003	6.749151e+003	2.699660e+000	
9.357000e-003	8.246000e-002	4.393000e-002	1.734000e-001	6.842000e-002	2.267000e-001	7.922000e-002	2.391000e-001	7.748000e-002	
2990	8.138794e+003	8.128489e+003	6.817300e+003	2.726920e+000	
9.347000e-003	8.237000e-002	4.389000e-002	1.732000e-001	6.839000e-002	2.267000e-001	7.924000e-002	2.393000e-001	7.758000e-002	
3000	8.165712e+003	8.155449e+003	6.885907e+003	2.754363e+000	
9.336000e-003	8.229000e-002	4.385000e-002	1.731000e-001	6.837000e-002	2.266000e-001	7.927000e-002	2.395000e-001	7.768000e-002	
3010	8.192875e+003	8.182655e+003	6.954973e+003	2.781989e+000	
9.326000e-003	8.220000e-002	4.381000e-002	1.730000e-001	6.834000e-002	2.266000e-001	7.929000e-002	2.396000e-001	7.777000e-002	
3020	8.220287e+003	8.210109e+003	7.024499e+003	2.809800e+000	
9.316000e-003	8.212000e-002	4.377000e-002	1.729000e-001	6.831000e-002	2.266000e-001	7.932000e-002	2.398000e-001	7.787000e-002	
3030	8.247950e+003	8.237816e+003	7.094487e+003	2.837795e+000	
9.305000e-003	8.203000e-002	4.373000e-002	1.727000e-001	6.828000e-002	2.266000e-001	7.934000e-002	2.400000e-001	7.797000e-002	
3040	8.275870e+003	8.265779e+003	7.164938e+003	2.865975e+000	
9.295000e-003	8.195000e-002	4.369000e-002	1.726000e-001	6.825000e-002	2.266000e-001	7.937000e-002	2.402000e-001	7.807000e-002	
3050	8.304050e+003	8.294002e+003	7.235854e+003	2.894342e+000	
9.284000e-003	8.186000e-002	4.365000e-002	1.725000e-001	6.822000e-002	2.265000e-001	7.939000e-002	2.404000e-001	7.817000e-002	
3060	8.332494e+003	8.322489e+003	7.307237e+003	2.922895e+000	
9.274000e-003	8.177000e-002	4.361000e-002	1.724000e-001	6.819000e-002	2.265000e-001	7.941000e-002	2.406000e-001	7.827000e-002	
3070	8.361207e+003	8.351244e+003	7.379087e+003	2.951635e+000	
9.264000e-003	8.169000e-002	4.357000e-002	1.723000e-001	6.816000e-002	2.265000e-001	7.944000e-002	2.407000e-001	7.837000e-002	
3080	8.390192e+003	8.380272e+003	7.451407e+003	2.980563e+000	
9.253000e-003	8.160000e-002	4.353000e-002	1.721000e-001	6.813000e-002	2.265000e-001	7.946000e-002	2.409000e-001	7.847000e-002	
3090	8.419453e+003	8.409577e+003	7.524198e+003	3.009679e+000	
9.243000e-003	8.151000e-002	4.349000e-002	1.720000e-001	6.810000e-002	2.265000e-001	7.949000e-002	2.411000e-001	7.857000e-002	
3100	8.448996e+003	8.439163e+003	7.597461e+003	3.038984e+000	
9.232000e-003	8.143000e-002	4.345000e-002	1.719000e-001	6.807000e-002	2.264000e-001	7.951000e-002	2.413000e-001	7.867000e-002	
3110	8.478825e+003	8.469035e+003	7.671199e+003	3.068479e+000	
9.221000e-003	8.134000e-002	4.341000e-002	1.718000e-001	6.804000e-002	2.264000e-001	7.954000e-002	2.415000e-001	7.878000e-002	
3120	8.493847e+003	8.484079e+003	7.745411e+003	3.098165e+000	
9.216000e-003	8.130000e-002	4.339000e-002	1.717000e-001	6.803000e-002	2.264000e-001	7.955000e-002	2.416000e-001	7.883000e-002	
3130	8.524113e+003	8.514388e+003	7.820102e+003	3.128041e+000	
9.206000e-003	8.121000e-002	4.335000e-002	1.716000e-001	6.800000e-002	2.264000e-001	7.957000e-002	2.418000e-001	7.893000e-002	
3140	8.554675e+003	8.544994e+003	7.895270e+003	3.158108e+000	
9.195000e-003	8.112000e-002	4.331000e-002	1.715000e-001	6.797000e-002	2.264000e-001	7.960000e-002	2.420000e-001	7.903000e-002	
3150	8.585540e+003	8.575903e+003	7.970919e+003	3.188368e+000	
9.184000e-003	8.103000e-002	4.327000e-002	1.713000e-001	6.794000e-002	2.263000e-001	7.962000e-002	2.421000e-001	7.913000e-002	
3160	8.601088e+003	8.591472e+003	8.047050e+003	3.218820e+000	
9.179000e-003	8.099000e-002	4.325000e-002	1.713000e-001	6.792000e-002	2.263000e-001	7.964000e-002	2.422000e-001	7.919000e-002	
3170	8.632415e+003	8.622843e+003	8.123663e+003	3.249465e+000	
9.168000e-003	8.090000e-002	4.321000e-002	1.712000e-001	6.789000e-002	2.263000e-001	7.966000e-002	2.424000e-001	7.929000e-002	
3180	8.664057e+003	8.654529e+003	8.200762e+003	3.280305e+000	
9.158000e-003	8.081000e-002	4.317000e-002	1.710000e-001	6.786000e-002	2.263000e-001	7.969000e-002	2.426000e-001	7.939000e-002	
3190	8.696020e+003	8.686535e+003	8.278347e+003	3.311339e+000	
9.147000e-003	8.072000e-002	4.313000e-002	1.709000e-001	6.783000e-002	2.263000e-001	7.971000e-002	2.428000e-001	7.950000e-002	
3200	8.712122e+003	8.702660e+003	8.356419e+003	3.342568e+000	
9.142000e-003	8.068000e-002	4.311000e-002	1.708000e-001	6.782000e-002	2.262000e-001	7.972000e-002	2.429000e-001	7.955000e-002	
3210	8.744575e+003	8.735156e+003	8.434981e+003	3.373992e+000	
9.131000e-003	8.059000e-002	4.307000e-002	1.707000e-001	6.778000e-002	2.262000e-001	7.975000e-002	2.431000e-001	7.965000e-002	
3220	8.777361e+003	8.767986e+003	8.514034e+003	3.405613e+000	
9.120000e-003	8.050000e-002	4.302000e-002	1.706000e-001	6.775000e-002	2.262000e-001	7.977000e-002	2.433000e-001	7.976000e-002	
3230	8.793881e+003	8.784528e+003	8.593579e+003	3.437432e+000	
9.115000e-003	8.046000e-002	4.300000e-002	1.705000e-001	6.774000e-002	2.262000e-001	7.979000e-002	2.434000e-001	7.981000e-002	
3240	8.827179e+003	8.817870e+003	8.673618e+003	3.469447e+000	
9.104000e-003	8.037000e-002	4.296000e-002	1.704000e-001	6.771000e-002	2.262000e-001	7.981000e-002	2.436000e-001	7.992000e-002	
3250	8.843958e+003	8.834671e+003	8.754152e+003	3.501661e+000	
9.099000e-003	8.032000e-002	4.294000e-002	1.703000e-001	6.769000e-002	2.262000e-001	7.982000e-002	2.437000e-001	7.997000e-002	
3260	8.877780e+003	8.868537e+003	8.835184e+003	3.534073e+000	
9.088000e-003	8.023000e-002	4.290000e-002	1.702000e-001	6.766000e-002	2.261000e-001	7.985000e-002	2.439000e-001	8.008000e-002	
3270	8.911960e+003	8.902761e+003	8.916714e+003	3.566685e+000	
9.077000e-003	8.014000e-002	4.286000e-002	1.701000e-001	6.763000e-002	2.261000e-001	7.987000e-002	2.441000e-001	8.018000e-002	
3280	8.929185e+003	8.920009e+003	8.998744e+003	3.599497e+000	
9.072000e-003	8.010000e-002	4.284000e-002	1.700000e-001	6.761000e-002	2.261000e-001	7.989000e-002	2.441000e-001	8.024000e-002	
3290	8.963913e+003	8.954781e+003	9.081275e+003	3.632510e+000	
9.061000e-003	8.001000e-002	4.280000e-002	1.699000e-001	6.758000e-002	2.261000e-001	7.991000e-002	2.443000e-001	8.034000e-002	
3300	8.981416e+003	8.972306e+003	9.164310e+003	3.665724e+000	
9.055000e-003	7.997000e-002	4.278000e-002	1.698000e-001	6.757000e-002	2.261000e-001	7.992000e-002	2.444000e-001	8.040000e-002	
3310	9.016706e+003	9.007641e+003	9.247849e+003	3.699140e+000	
9.045000e-003	7.987000e-002	4.273000e-002	1.697000e-001	6.753000e-002	2.260000e-001	7.995000e-002	2.446000e-001	8.051000e-002	
3320	9.034495e+003	9.025451e+003	9.331894e+003	3.732758e+000	
9.039000e-003	7.983000e-002	4.271000e-002	1.696000e-001	6.752000e-002	2.260000e-001	7.996000e-002	2.447000e-001	8.056000e-002	
3330	9.070363e+003	9.061364e+003	9.416447e+003	3.766579e+000	
9.028000e-003	7.974000e-002	4.267000e-002	1.695000e-001	6.749000e-002	2.260000e-001	7.999000e-002	2.449000e-001	8.067000e-002	
3340	9.097522e+003	9.088557e+003	9.501510e+003	3.800604e+000	
9.020000e-003	7.967000e-002	4.264000e-002	1.694000e-001	6.746000e-002	2.260000e-001	8.000000e-002	2.451000e-001	8.075000e-002	
3350	9.124906e+003	9.115974e+003	9.587083e+003	3.834833e+000	
9.012000e-003	7.960000e-002	4.261000e-002	1.693000e-001	6.744000e-002	2.260000e-001	8.002000e-002	2.452000e-001	8.083000e-002	
3360	9.152517e+003	9.143619e+003	9.673168e+003	3.869267e+000	
9.003000e-003	7.953000e-002	4.258000e-002	1.692000e-001	6.742000e-002	2.259000e-001	8.004000e-002	2.454000e-001	8.092000e-002	
3370	9.180360e+003	9.171495e+003	9.759767e+003	3.903907e+000	
8.995000e-003	7.947000e-002	4.254000e-002	1.691000e-001	6.739000e-002	2.259000e-001	8.006000e-002	2.455000e-001	8.100000e-002	
3380	9.208436e+003	9.199609e+003	9.846881e+003	3.938753e+000	
8.987000e-003	7.940000e-002	4.251000e-002	1.690000e-001	6.737000e-002	2.259000e-001	8.008000e-002	2.457000e-001	8.108000e-002	
3390	9.236750e+003	9.228066e+003	9.934512e+003	3.973805e+000	
8.979000e-003	7.933000e-002	4.248000e-002	1.689000e-001	6.734000e-002	2.259000e-001	8.010000e-002	2.458000e-001	8.116000e-002	
3400	9.265304e+003	9.259478e+003	1.002266e+004	4.009065e+000	
8.970000e-003	7.925000e-002	4.244000e-002	1.688000e-001	6.732000e-002	2.259000e-001	8.012000e-002	2.460000e-001	8.125000e-002	
